2
6
9
14
19
26
29
36
39
47
54
64
69
79
84
91
96
106
109
121
129
137
144
154
161
169
174
181
189
199
209
222
229
237
247
262
289
297
307
317
327
337
345
357
367
377
387
400
407
417
422
430
437
445
455
465
475
487
495
507
515
527
532
545
552
560
570
577
585
597
605
620
627
640
650
660
670
680
695
710
720
730
740
753
763
773
783
798
805
818
825
835
843
853
863
873
880
893
903
918
928
938
948
958
963
978
983
993
1003
1013
1021
1031
1038
1048
1053
1063
1071
1083
1088
1096
1103
1113
1121
1133
1138
1148
1156
1171
1178
1191
1201
1216
1223
1236
1246
1261
1271
1281
1289
1304
1316
1326
1334
1349
1356
1369
1379
1391
1399
1411
1419
1434
1444
1456
1464
1474
1484
1499
1509
1522
1529
1542
1554
1564
1574
1584
1594
1602
1609
1619
1624
1632
1642
1654
1662
1672
1682
1697
1707
1722
1732
1747
1757
1772
1782
1795
1807
1817
1825
1837
1845
1857
1862
1875
1882
1895
1902
1910
1917
1927
1935
1950
1960
1975
1985
1995
2005
2020
2030
2045
2055
2068
2075
2090
2095
2110
2118
2128
2135
2145
2150
2158
2168
2180
2185
2198
2208
2223
2230
2238
2248
2263
2273
2288
2298
2313
2323
2338
2348
2363
2373
2381
2388
2398
2406
2421
2431
2441
2451
2461
2471
2483
2491
2506
2516
2531
2541
2556
2564
2581
2586
2599
2609
2621
2626
2636
2641
2654
2661
2671
2676
2686
2691
2699
2706
2714
2721
2731
2739
2754
2764
2774
2784
2799
2809
2824
2834
2849
2859
2869
2879
2894
2899
2914
2919
2927
2934
2942
2949
2959
2967
2979
2984
2997
3004
3017
3024
3034
3042
3052
3062
3072
3082
3097
3107
3122
3132
3142
3152
3167
3172
3180
3190
3202
3210
3222
3230
3242
3247
3255
3262
3270
3280
3292
3297
3307
3315
3325
3332
3345
3355
3370
3377
3390
3400
3415
3425
3435
3445
3455
3463
3480
3490
3503
3515
3523
3530
3543
3553
3565
3573
3588
3598
3608
3618
3633
3643
3653
3663
3678
3683
3698
3703
3716
3723
3733
3738
3748
3753
3761
3768
3776
3783
3791
3798
3806
3813
3821
3828
3836
3843
3856
3866
3876
3886
3901
3911
3926
3936
3951
3961
3971
3981
3991
3999
4014
4021
4031
4036
4044
4051
4059
4066
4074
4081
4094
4101
4111
4119
4129
4139
4154
4164
4179
4189
4204
4214
4229
4237
4252
4264
4274
4279
4294
4302
4312
4319
4327
4334
4342
4352
4364
4369
4379
4384
4397
4407
4422
4432
4447
4452
4467
4477
4492
4502
4517
4527
4537
4547
4562
4570
4580
4587
4595
4605
4615
4622
4635
4645
4660
4670
4685
4695
4710
4720
4735
4745
4758
4770
4778
4790
4798
4810
4818
4828
4840
4848
4858
4868
4880
4885
4893
4900
4910
4918
4930
4938
4953
4963
4978
4988
5003
5013
5028
5038
5053
5058
5073
5078
5088
5096
5108
5116
5131
5138
5148
5153
5166
5176
5186
5196
5211
5221
5236
5246
5261
5271
5286
5296
5311
5321
5336
5341
5349
5356
5364
5371
5379
5386
5394
5401
5409
5416
5424
5431
5439
5446
5454
5464
5479
5489
5504
5514
5529
5539
5554
5564
5574
5584
5599
5609
5619
5624
5634
5639
5647
5654
5662
5669
5677
5684
5692
5699
5707
5714
5722
5729
5737
5747
5762
5772
5787
5797
5812
5822
5837
5847
5857
5867
5877
5885
5900
5907
5917
5922
5930
5937
5945
5952
5960
5967
5975
5982
5990
5997
6005
6012
6020
6030
6042
6050
6060
6070
6085
6095
6110
6120
6135
6145
6160
6168
6183
6190
6200
6208
6220
6228
6238
6248
6260
6265
6273
6283
6298
6308
6323
6333
6346
6358
6373
6383
6396
6406
6418
6428
6436
6451
6461
6468
6476
6486
6496
6503
6516
6526
6538
6546
6558
6566
6581
6591
6606
6616
6631
6641
6656
6666
6681
6689
6701
6706
6716
6724
6734
6749
6761
6766
6779
6786
6799
6809
6824
6834
6849
6859
6874
6884
6899
6909
6917
6929
6939
6949
6959
6969
6977
6984
6992
6999
7007
7014
7022
7029
7042
7049
7059
7064
7074
7082
7097
7104
7117
7127
7142
7152
7167
7177
7192
7202
7215
7227
7242
7250
7267
7272
7280
7290
7302
7307
7315
7325
7335
7345
7360
7370
7385
7395
7405
7415
7430
7440
7455
7465
7475
7485
7495
7503
7513
7520
7528
7535
7543
7553
7565
7570
7580
7585
7598
7605
7613
7620
7630
7638
7653
7663
7675
7683
7698
7708
7723
7733
7748
7758
7773
7778
7793
7803
7813
7818
7826
7833
7843
7851
7866
7876
7886
7893
7906
7916
7931
7941
7956
7966
7981
7991
8006
8016
8026
8031
8039
8046
8056
8061
8069
8079
8091
8096
8104
8111
8121
8129
8139
8146
8156
8161
8169
8179
8194
8204
8219
8229
8244
8254
8269
8279
8294
8304
8314
8324
8334
8344
8352
8359
8367
8374
8382
8389
8397
8404
8412
8419
8432
8442
8454
8462
8477
8487
8502
8512
8527
8537
8552
8562
8577
8587
8595
8605
8617
8622
8630
8640
8650
8657
8665
8672
8682
8690
8702
8707
8717
8722
8735
8745
8760
8770
8785
8795
8810
8820
8835
8845
8855
8860
8873
8885
8895
8905
8915
8923
8933
8943
8958
8965
8978
8988
9003
9013
9023
9033
9048
9058
9073
9083
9098
9103
9113
9121
9136
9143
9153
9158
9166
9173
9181
9188
9196
9203
9211
9221
9233
9238
9248
9256
9266
9276
9291
9301
9316
9326
9341
9351
9366
9376
9391
9401
9411
9421
9431
9436
9444
9451
9459
9469
9479
9486
9496
9501
9514
9524
9534
9544
9559
9569
9584
9594
9609
9619
9634
9644
9654
9664
9674
9684
9692
9699
9707
9714
9722
9729
9737
9744
9752
9759
9767
9774
9787
9794
9807
9817
9832
9839
9852
9862
9877
9887
9902
9912
9927
9937
9950
9962
9970
9980
9990
10002
10010
10022
10032
10040
10050
10060
10072
10080
10095
10105
10120
10130
10145
10150
10165
10175
10190
10198
10210
10218
10228
10238
10250
10258
10270
10278
10290
10298
10310
10318
10330
10338
10353
10363
10378
10388
10403
10413
10428
10438
10448
10458
10473
10478
10488
10496
10506
10516
10526
10533
10541
10548
10558
10566
10578
10586
10596
10606
10621
10631
10646
10656
10671
10681
10696
10706
10721
10731
10741
10746
10754
10764
10774
10781
10789
10796
10806
10814
10826
10831
10844
10854
10866
10874
10884
10894
10909
10919
10934
10944
10959
10969
10984
10994
11004
11014
11024
11032
11042
11054
11064
11069
11077
11084
11094
11102
11114
11122
11132
11139
11152
11162
11177
11187
11202
11212
11227
11237
11252
11262
11277
11282
11290
11302
11310
11317
11327
11332
11342
11347
11355
11362
11370
11380
11392
11397
11407
11412
11425
11435
11450
11457
11470
11480
11495
11505
11520
11530
11545
11555
11570
11580
11590
11598
11608
11615
11625
11630
11643
11650
11660
11665
11673
11680
11693
11703
11718
11728
11743
11753
11768
11778
11793
11803
11816
11828
11838
11848
11856
11868
11876
11883
11891
11898
11908
11913
11921
11928
11936
11946
11958
11963
11976
11986
12001
12011
12026
12036
12051
12061
12076
12086
12101
12106
12116
12126
12134
12146
12154
12164
12174
12184
12194
12204
12219
12226
12239
12249
12264
12274
12289
12299
12312
12324
12339
12349
12357
12367
12377
12384
12394
12399
12412
12419
12429
12434
12442
12452
12464
12469
12477
12484
12497
12507
12522
12532
12547
12557
12572
12582
12597
12607
12622
12632
12642
12652
12662
12670
12682
12687
12697
12705
12720
12727
12735
12745
12760
12770
12785
12795
12810
12820
12835
12845
12860
12870
12885
12893
12905
12915
12923
12930
12938
12945
12953
12960
12968
12975
12983
12990
12998
13005
13013
13020
13028
13038
13053
13063
13078
13088
13103
13113
13128
13138
13153
13161
13176
13188
13196
13206
13218
13226
13236
13246
13258
13266
13278
13286
13301
13308
13321
13331
13346
13356
13371
13381
13394
13406
13421
13426
13436
13446
13456
13464
13476
13481
13491
13496
13504
13514
13526
13534
13546
13554
13566
13574
13586
13594
13609
13619
13634
13644
13659
13669
13684
13694
13702
13712
13724
13732
13744
13754
13764
13772
13784
13789
13799
13804
13814
13822
13832
13842
13857
13867
13882
13892
13907
13917
13930
13942
13957
13967
13987
13992
14002
14007
14015
14022
14030
14037
14045
14052
14065
14072
14082
14087
14097
14105
14120
14127
14140
14150
14165
14175
14190
14200
14215
14225
14238
14250
14265
14273
14290
14295
14303
14313
14325
14333
14343
14353
14365
14370
14383
14393
14408
14418
14433
14443
14458
14468
14483
14493
14508
14513
14523
14533
14541
14553
14561
14568
14576
14586
14596
14603
14613
14621
14631
14641
14653
14661
14676
14686
14701
14711
14726
14736
14751
14761
14776
14786
14799
14806
14819
14826
14836
14841
14851
14856
14864
14871
14881
14889
14899
14909
14924
14934
14949
14959
14974
14984
14999
15009
15024
15034
15047
15059
15069
15074
15082
15089
15099
15104
15112
15119
15127
15134
15142
15149
15157
15167
15179
15187
15197
15207
15222
15232
15247
15257
15272
15282
15297
15307
15322
15327
15342
15347
15357
15365
15375
15382
15390
15397
15405
15415
15430
15440
15455
15465
15480
15490
15505
15515
15530
15540
15555
15565
15575
15585
15598
15608
15618
15625
15633
15640
15650
15658
15670
15675
15685
15690
15698
15708
15718
15728
15743
15753
15768
15778
15793
15803
15818
15828
15843
15853
15868
15878
15888
15893
15901
15908
15916
15923
15931
15938
15951
15961
15971
15981
15991
16001
16013
16021
16036
16046
16061
16071
16086
16096
16111
16121
16131
16139
16149
16156
16164
16171
16181
16189
16204
16214
16224
16231
16241
16249
16259
16269
16281
16289
16304
16314
16329
16339
16354
16364
16379
16389
16404
16409
16419
16427
16437
16447
16457
16467
16479
16487
16499
16507
16519
16524
16537
16547
16562
16572
16587
16597
16612
16622
16637
16647
16657
16665
16675
16687
16695
16707
16717
16725
16735
16745
16755
16762
16770
16777
16787
16795
16807
16815
16825
16835
16850
16860
16875
16885
16900
16910
16925
16933
16950
16955
16970
16975
16985
16993
17003
17013
17025
17030
17038
17045
17055
17063
17078
17088
17103
17113
17128
17138
17153
17163
17178
17188
17198
17203
17218
17223
17233
17241
17251
17258
17266
17273
17283
17291
17303
17308
17318
17323
17331
17341
17353
17361
17371
17381
17396
17406
17421
17431
17446
17456
17471
17481
17494
17506
17516
17521
17529
17539
17549
17556
17564
17571
17581
17589
17601
17606
17616
17621
17629
17639
17654
17664
17679
17689
17704
17714
17729
17739
17754
17759
17772
17784
17794
17804
17812
17822
17832
17842
17852
17862
17877
17887
17902
17912
17927
17937
17952
17962
17977
17987
18002
18012
18022
18027
18037
18042
18050
18057
18065
18072
18080
18087
18095
18102
18110
18120
18132
18137
18147
18155
18170
18180
18195
18205
18220
18230
18245
18255
18270
18275
18288
18300
18310
18320
18330
18338
18348
18355
18363
18370
18378
18388
18400
18405
18415
18420
18430
18438
18448
18458
18473
18483
18498
18508
18523
18533
18548
18558
18571
18583
18598
18606
18621
18628
18638
18643
18651
18661
18673
18678
18691
18701
18716
18726
18741
18751
18766
18776
18791
18801
18816
18826
18841
18849
18864
18871
18879
18886
18894
18901
18909
18919
18931
18936
18946
18954
18964
18974
18984
18994
19009
19019
19034
19044
19059
19069
19084
19094
19104
19114
19124
19134
19142
19149
19157
19164
19172
19179
19187
19197
19212
19222
19237
19247
19262
19272
19287
19297
19312
19322
19337
19347
19362
19367
19377
19382
19392
19397
19405
19412
19420
19427
19435
19442
19450
19457
19465
19472
19480
19490
19505
19515
19530
19540
19550
19560
19575
19585
19600
19610
19625
19635
19648
19660
19668
19675
19685
19690
19700
19705
19713
19720
19728
19735
19745
19753
19768
19778
19793
19803
19818
19828
19843
19853
19868
19878
19891
19903
19918
19923
19933
19941
19951
19958
19966
19973
19981
19991
20003
20008
20018
20023
20033
20041
20053
20061
20076
20086
20101
20111
20126
20136
20151
20161
20176
20186
20201
20209
20221
20226
20239
20246
20254
20261
20269
20279
20294
20304
20319
20329
20344
20354
20369
20379
20394
20404
20419
20429
20439
20447
20457
20464
20472
20479
20487
20497
20509
20514
20524
20529
20539
20547
20559
20564
20572
20579
20589
20597
20607
20617
20632
20642
20657
20667
20682
20692
20707
20715
20732
20737
20752
20757
20772
20777
20785
20795
20807
20812
20822
20827
20837
20845
20860
20867
20880
20890
20905
20915
20930
20940
20955
20965
20980
20990
21005
21013
21025
21033
21043
21053
21065
21070
21078
21085
21095
21103
21113
21120
21133
21143
21158
21168
21178
21188
21203
21213
21228
21238
21253
21263
21273
21283
21291
21303
21311
21318
21326
21333
21343
21348
21356
21363
21371
21381
21396
21406
21421
21431
21441
21451
21466
21476
21491
21501
21516
21526
21536
21541
21551
21556
21564
21571
21579
21586
21594
21601
21609
21616
21624
21631
21644
21651
21661
21666
21676
21681
21694
21704
21719
21729
21744
21754
21769
21779
21794
21804
21817
21829
21844
21852
21869
21874
21882
21889
21897
21904
21914
21919
21932
21942
21952
21962
21974
21982
21997
22007
22022
22032
22047
22057
22072
22082
22097
22105
22115
22122
22130
22140
22150
22160
22170
22180
22192
22200
22215
22222
22235
22245
22260
22270
22285
22295
22310
22320
22333
22340
22350
22358
22368
22378
22390
22395
22408
22418
22430
22435
22443
22453
22468
22478
22493
22503
22518
22528
22543
22553
22568
22578
22593
22603
22613
22621
22631
22638
22646
22653
22661
22671
22683
22688
22698
22706
22721
22728
22738
22743
22751
22761
22776
22786
22801
22811
22826
22836
22851
22861
22876
22886
22896
22906
22921
22929
22939
22946
22954
22961
22971
22979
22994
23004
23019
23029
23044
23054
23069
23079
23094
23104
23119
23129
23144
23154
23162
23169
23177
23184
23192
23202
23214
23219
23229
23234
23244
23252
23262
23269
23282
23289
23297
23304
23317
23327
23337
23347
23362
23372
23387
23397
23412
23422
23435
23442
23455
23462
23475
23487
23495
23505
23515
23525
23535
23545
23557
23565
23580
23590
23605
23615
23630
23640
23655
23665
23675
23685
23695
23700
23708
23715
23725
23730
23740
23745
23753
23760
23768
23775
23785
23790
23798
23805
23813
23823
23833
23843
23858
23868
23883
23893
23908
23918
23933
23943
23958
23968
23978
23983
23993
23998
24006
24013
24021
24028
24036
24043
24051
24058
24066
24073
24081
24088
24096
24103
24116
24123
24133
24141
24156
24166
24181
24191
24206
24216
24231
24241
24256
24261
24274
24281
24291
24299
24311
24319
24329
24336
24344
24354
24364
24371
24384
24394
24409
24419
24434
24444
24459
24469
24484
24489
24502
24509
24522
24534
24542
24554
24562
24572
24582
24592
24602
24612
24627
24637
24652
24662
24677
24687
24702
24712
24727
24737
24752
24757
24770
24777
24787
24792
24800
24807
24815
24822
24830
24837
24845
24852
24860
24870
24882
24890
24905
24912
24925
24935
24950
24960
24975
24985
25000
25010
25025
25035
25048
25060
25070
25078
25088
25100
25108
25118
25130
25138
25150
25158
25173
25180
25193
25203
25218
25228
25243
25253
25268
25278
25293
25303
25316
25323
25336
25348
25366
25373
25381
25388
25398
25403
25411
25418
25431
25438
25446
25456
25468
25476
25491
25498
25511
25521
25536
25546
25561
25571
25586
25596
25609
25616
25626
25634
25644
25654
25669
25676
25689
25696
25709
25719
25731
25739
25754
25764
25779
25789
25804
25814
25829
25834
25844
25849
25862
25869
25879
25884
25894
25899
25907
25917
25927
25934
25942
25949
25959
25967
25982
25992
26004
26012
26027
26037
26052
26062
26077
26087
26102
26112
26127
26137
26147
26152
26160
26170
26180
26190
26200
26210
26222
26230
26245
26255
26267
26275
26285
26295
26310
26320
26335
26345
26360
26370
26385
26393
26405
26410
26418
26425
26435
26443
26455
26460
26470
26475
26483
26493
26503
26510
26520
26528
26543
26553
26568
26578
26593
26603
26618
26628
26643
26653
26668
26678
26688
26696
26708
26713
26723
26728
26736
26746
26756
26766
26776
26786
26798
26806
26821
26831
26846
26856
26871
26881
26896
26906
26916
26926
26936
26941
26949
26961
26969
26976
26986
26991
27001
27006
27014
27021
27029
27036
27046
27051
27059
27069
27084
27094
27109
27119
27134
27144
27159
27169
27179
27189
27204
27214
27224
27234
27242
27249
27257
27264
27272
27279
27287
27297
27309
27317
27329
27337
27352
27362
27377
27387
27402
27412
27427
27437
27452
27462
27475
27485
27497
27505
27517
27525
27537
27542
27550
27557
27565
27575
27585
27592
27605
27615
27627
27635
27650
27660
27675
27685
27700
27710
27725
27735
27750
27758
27768
27778
27790
27795
27803
27813
27828
27835
27843
27853
27865
27873
27888
27898
27913
27923
27938
27948
27963
27973
27988
27993
28003
28008
28018
28028
28036
28043
28053
28058
28066
28073
28081
28088
28096
28106
28118
28126
28136
28146
28161
28171
28186
28196
28211
28221
28236
28246
28261
28271
28284
28294
28306
28311
28319
28326
28336
28344
28354
28361
28371
28376
28386
28394
28406
28414
28429
28439
28449
28459
28474
28484
28499
28509
28524
28534
28549
28559
28569
28574
28582
28592
28602
28609
28617
28624
28634
28642
28654
28659
28669
28674
28687
28697
28709
28717
28732
28742
28757
28767
28782
28792
28807
28817
28827
28837
28852
28860
28872
28880
28892
28897
28905
28912
28920
28930
28942
28950
28965
28972
28985
28995
29010
29020
29035
29045
29060
29070
29085
29095
29105
29113
29125
29130
29140
29145
29155
29163
29173
29180
29188
29195
29203
29213
29228
29238
29253
29263
29278
29288
29303
29313
29328
29338
29353
29363
29371
29383
29391
29398
29406
29413
29423
29428
29436
29443
29451
29461
29471
29478
29488
29493
29503
29511
29526
29536
29551
29561
29576
29586
29601
29611
29621
29631
29641
29651
29666
29676
29686
29691
29699
29706
29714
29721
29729
29739
29754
29764
29779
29789
29804
29814
29829
29839
29854
29864
29879
29889
29904
29909
29917
29924
29934
29939
29947
29954
29962
29969
29977
29984
29992
29999
30007
30014
30022
30029
30037
30047
30062
30072
30087
30097
30112
30122
30137
30147
30157
30167
30177
30185
30200
30207
30217
30222
30230
30237
30245
30252
30260
30267
30275
30282
30290
30297
30305
30312
30325
30335
30350
30360
30375
30385
30400
30410
30425
30435
30445
30453
30468
30480
30488
30498
30508
30518
30528
30538
30550
30558
30570
30578
30593
30603
30613
30623
30638
30648
30663
30673
30688
30698
30713
30721
30736
30743
30753
30758
30766
30773
30781
30788
30796
30803
30811
30818
30826
30836
30851
30861
30876
30886
30901
30911
30926
30936
30951
30961
30974
30986
30994
31006
31014
31024
31034
31044
31054
31064
31076
31084
31096
31104
31119
31129
31144
31154
31169
31179
31194
31204
31219
31229
31244
31249
31262
31269
31279
31284
31292
31299
31307
31314
31324
31329
31337
31344
31352
31362
31377
31387
31402
31412
31427
31437
31452
31462
31477
31487
31502
31512
31527
31532
31545
31552
31560
31567
31575
31582
31590
31597
31605
31612
31620
31627
31635
31642
31650
31657
31670
31680
31695
31705
31720
31730
31745
31755
31770
31780
31795
31805
31820
31828
31840
31845
31853
31860
31868
31878
31888
31895
31908
31918
31930
31938
31953
31963
31978
31988
32003
32013
32028
32038
32053
32063
32071
32081
32096
32103
32113
32121
32133
32138
32148
32153
32161
32171
32181
32188
32196
32206
32221
32231
32241
32251
32266
32276
32291
32301
32316
32326
32339
32346
32356
32361
32371
32376
32384
32391
32399
32406
32414
32421
32434
32444
32454
32464
32479
32486
32499
32509
32524
32534
32549
32559
32574
32584
32597
32609
32617
32624
32632
32639
32652
32659
32672
32682
32692
32702
32712
32722
32737
32747
32762
32772
32787
32797
32812
32822
32837
32847
32860
32872
32882
32887
32895
32902
32912
32917
32925
32932
32940
32947
32955
32965
32980
32990
33005
33015
33025
33035
33050
33060
33075
33085
33100
33110
33125
33135
33148
33158
33168
33178
33188
33198
33210
33218
33230
33238
33250
33255
33268
33275
33283
33293
33308
33318
33333
33343
33358
33368
33383
33393
33403
33413
33423
33428
33441
33448
33458
33463
33471
33478
33486
33496
33508
33516
33528
33536
33551
33561
33576
33586
33601
33611
33626
33636
33651
33661
33676
33684
33696
33701
33711
33716
33724
33734
33744
33751
33759
33766
33776
33784
33796
33801
33811
33819
33834
33844
33859
33869
33884
33894
33909
33919
33934
33944
33959
33967
33984
33989
33999
34004
34012
34019
34027
34034
34042
34049
34057
34064
34077
34087
34097
34107
34122
34132
34147
34157
34172
34182
34197
34207
34222
34232
34240
34250
34260
34267
34275
34282
34292
34300
34315
34325
34335
34342
34352
34360
34375
34385
34400
34410
34425
34435
34450
34460
34470
34480
34488
34495
34508
34518
34530
34540
34548
34558
34570
34575
34583
34590
34600
34608
34618
34628
34643
34653
34668
34678
34693
34703
34718
34728
34741
34753
34766
34776
34791
34798
34806
34816
34828
34836
34846
34856
34868
34873
34886
34896
34911
34921
34936
34946
34961
34971
34986
34996
35011
35021
35036
35041
35051
35059
35069
35076
35084
35091
35099
35109
35124
35134
35149
35159
35174
35184
35199
35209
35224
35234
35249
35259
35274
35284
35297
35309
35317
35324
35332
35342
35352
35359
35369
35374
35384
35392
35407
35417
35432
35442
35452
35462
35477
35487
35502
35512
35527
35537
35552
35562
35577
35585
35597
35602
35610
35617
35625
35635
35647
35652
35665
35675
35690
35700
35710
35720
35735
35745
35760
35770
35785
35795
35810
35820
35835
35840
35850
35855
35865
35870
35878
35885
35893
35900
35908
35915
35923
35933
35945
35950
35960
35965
35975
35983
35993
36000
36013
36023
36038
36048
36063
36073
36088
36098
36113
36118
36133
36143
36153
36163
36171
36178
36188
36193
36201
36208
36216
36226
36236
36243
36256
36266
36281
36291
36306
36316
36331
36341
36356
36366
36379
36391
36399
36409
36419
36431
36439
36449
36461
36469
36479
36489
36501
36506
36514
36521
36534
36541
36554
36564
36579
36589
36604
36614
36629
36639
36654
36659
36672
36679
36692
36699
36709
36714
36729
36734
36747
36757
36769
36774
36787
36797
36812
36822
36837
36847
36862
36872
36887
36897
36907
36917
36927
36937
36945
36957
36965
36972
36980
36987
36997
37002
37010
37020
37032
37040
37050
37060
37075
37085
37100
37110
37125
37135
37150
37160
37175
37185
37200
37205
37215
37220
37230
37235
37243
37250
37258
37265
37273
37280
37288
37295
37303
37313
37328
37338
37353
37363
37378
37388
37403
37413
37428
37436
37451
37463
37473
37481
37491
37501
37511
37518
37526
37533
37543
37551
37563
37568
37578
37583
37593
37601
37613
37621
37636
37646
37661
37671
37686
37696
37711
37721
37736
37746
37761
37769
37784
37791
37804
37811
37821
37829
37841
37849
37864
37874
37886
37894
37909
37919
37934
37944
37959
37969
37984
37994
38009
38014
38024
38029
38037
38044
38054
38059
38069
38074
38082
38089
38097
38104
38112
38119
38127
38134
38142
38152
38167
38177
38192
38202
38217
38227
38242
38252
38267
38275
38290
38302
38310
38320
38330
38340
38350
38360
38372
38380
38392
38400
38415
38422
38435
38445
38460
38470
38485
38495
38510
38520
38530
38538
38555
38560
38568
38578
38593
38600
38610
38618
38630
38638
38648
38658
38670
38678
38693
38703
38718
38728
38743
38753
38768
38778
38793
38798
38813
38821
38833
38841
38853
38858
38866
38873
38881
38891
38901
38908
38918
38926
38936
38946
38956
38966
38981
38991
39006
39016
39031
39041
39056
39061
39074
39086
39096
39104
39116
39124
39134
39141
39149
39156
39164
39174
39189
39199
39214
39224
39239
39249
39264
39274
39289
39299
39314
39324
39339
39347
39362
39369
39379
39384
39392
39399
39407
39414
39424
39429
39437
39444
39457
39464
39477
39487
39502
39512
39527
39537
39552
39562
39577
39587
39602
39612
39627
39632
39640
39650
39660
39667
39675
39682
39695
39702
39712
39717
39727
39732
39745
39755
39767
39772
39785
39795
39810
39820
39835
39845
39860
39870
39885
39895
39905
39915
39925
39935
39943
39955
39963
39970
39978
39988
40003
40013
40028
40038
40053
40063
40078
40088
40103
40113
40128
40138
40153
40158
40171
40178
40186
40193
40201
40208
40216
40223
40231
40238
40246
40253
40261
40268
40276
40283
40296
40303
40316
40326
40341
40351
40366
40376
40391
40401
40416
40426
40439
40451
40459
40469
40479
40491
40499
40509
40521
40529
40539
40549
40564
40574
40584
40594
40609
40619
40634
40644
40659
40664
40679
40689
40697
40707
40717
40724
40732
40739
40749
40757
40769
40774
40787
40794
40802
40809
40819
40827
40842
40852
40867
40877
40892
40902
40917
40927
40942
40952
40965
40977
40987
40997
41007
