1
2
3
4
6
8
11
13
16
18
26
28
36
38
47
48
53
57
62
69
72
77
82
87
97
99
102
106
114
126
131
138
145
148
155
175
177
180
182
189
197
206
209
219
221
236
238
241
243
253
258
260
273
282
309
316
319
324
339
341
356
358
363
370
382
390
400
402
409
412
414
429
431
434
441
451
456
483
485
497
502
522
524
544
546
566
568
585
602
605
607
612
624
627
646
668
673
685
688
690
695
720
722
732
734
739
751
781
783
798
800
820
847
849
861
864
866
891
893
905
927
949
983
986
991
1018
1020
1023
1025
1030
1032
1035
1037
1052
1079
1081
1101
1103
1125
1155
1157
1164
1167
1169
1186
1191
1208
1230
1252
1257
1296
1308
1311
1313
1335
1338
1340
1355
1360
1377
1387
1389
1404
1406
1428
1431
1433
1462
1465
1470
1472
1489
1492
1509
1514
1516
1531
1536
1538
1550
1553
1594
1602
1604
1616
1641
1643
1646
1648
1660
1682
1707
1709
1721
1724
1748
1765
1770
1790
1792
1812
1814
1834
1836
1853
1856
1858
1900
1902
1919
1941
1944
1946
1966
1968
1985
2010
2012
2032
2034
2054
2056
2090
2093
2095
2112
2115
2117
2134
2156
2178
2247
2249
2252
2254
2288
2327
2330
2332
2354
2371
2393
2418
2420
2445
2447
2462
2464
2481
2484
2486
2511
2513
2525
2550
2552
2572
2574
2581
2584
2589
2613
2616
2618
2628
2630
2633
2635
2650
2660
2662
2674
2696
2721
2723
2748
2750
2762
2787
2789
2809
2811
2814
2816
2831
2833
2897
2899
2916
2919
2921
2985
2987
3029
3031
3038
3041
3043
3065
3068
3070
3085
3090
3092
3107
3109
3131
3153
3205
3207
3214
3217
3219
3236
3239
3261
3263
3288
3290
3305
3368
3371
3373
3390
3393
3395
3415
3417
3451
3454
3456
3473
3476
3481
3483
3495
3525
3527
3544
3547
3549
3591
3593
3605
3608
3610
3622
3625
3630
3632
3649
3669
3671
3691
3696
3698
3723
3725
3740
3742
3759
3762
3764
3806
3808
3825
3872
3874
3886
3916
3918
3930
3952
3960
3962
3974
3991
3994
4018
4038
4040
4057
4101
4118
4121
4148
4150
4153
4155
4165
4167
4187
4211
4233
4258
4260
4294
4297
4324
4326
4341
4343
4363
4365
4368
4370
4390
4392
4404
4407
4409
4451
4453
4470
4517
4519
4531
4534
4536
4578
4580
4600
4602
4619
4622
4624
4641
4644
4646
4666
4668
4707
4729
4732
4734
4754
4756
4798
4800
4878
4881
4883
4900
4903
4905
4925
4927
4969
4971
4996
4998
5018
5020
5032
5035
5037
5049
5052
5057
5059
5079
5081
5096
5118
5159
5162
5164
5181
5184
5186
5206
5208
5250
5252
5269
5272
5274
5291
5294
5296
5316
5318
5335
5357
5382
5384
5484
5487
5489
5514
5516
5531
5533
5550
5597
5599
5616
5663
5665
5685
5687
5765
5768
5770
5795
5797
5812
5814
5826
5829
5853
5856
5858
5873
5875
5878
5880
5895
5900
5902
5944
5946
6024
6027
6029
6046
6049
6051
6068
6107
6110
6112
6134
6154
6156
6176
6178
6239
6242
6244
6283
6308
6310
6322
6325
6327
6352
6354
6366
6391
6393
6410
6418
6420
6435
6437
6457
6459
6479
6481
6520
6523
6525
6550
6552
6567
6569
6586
6633
6635
6652
6721
6723
6735
6738
6740
6782
6784
6804
6806
6831
6833
6862
6865
6870
6872
6889
6892
6894
6909
6911
6914
6916
6931
6936
6938
6980
6982
7038
7041
7043
7060
7063
7065
7082
7104
7156
7158
7170
7192
7195
7197
7217
7219
7258
7275
7278
7280
7297
7300
7302
7322
7324
7366
7368
7424
7427
7432
7434
7459
7461
7471
7473
7476
7478
7490
7498
7500
7520
7522
7537
7539
7559
7578
7581
7583
7600
7603
7605
7622
7691
7693
7727
7730
7735
7737
7749
7752
7754
7774
7776
7779
7781
7798
7818
7820
7881
7884
7886
7928
7930
7950
7952
7977
7979
8008
8011
8016
8018
8055
8057
8060
8062
8077
8096
8099
8101
8126
8128
8143
8145
8165
8167
8192
8194
8236
8238
8250
8253
8255
8272
8275
8277
8294
8316
8338
8368
8370
8404
8421
8424
8426
8451
8453
8468
8487
8509
8512
8514
8531
8539
8541
8553
8570
8573
8617
8619
8639
8666
8668
8702
8705
8749
8751
8754
8756
8771
8773
8812
8815
8817
8842
8844
8856
8873
8876
8917
8942
8947
8949
8964
8966
8969
8971
8983
9013
9015
9027
9052
9054
9071
9093
9118
9120
9132
9135
9137
9162
9164
9179
9184
9186
9193
9196
9240
9250
9252
9262
9308
9311
9313
9355
9357
9377
9379
9399
9401
9443
9445
9509
9511
9553
9555
9575
9577
9619
9621
9641
9643
9663
9665
9699
9702
9704
9721
9724
9726
9743
9765
9804
9807
9809
9834
9836
9851
9853
9870
9917
9919
9939
9941
9958
9961
9963
9980
9983
9985
10002
10085
10088
10090
10107
10110
10112
10132
10134
10173
10220
10222
10242
10244
10247
10249
10269
10271
10283
10286
10288
10305
10349
10366
10369
10388
10391
10393
10413
10415
10457
10459
10501
10503
10520
10523
10525
10537
10540
10545
10547
10567
10569
10584
10606
10655
10657
10677
10679
10691
10694
10696
10713
10716
10718
10738
10740
10757
10779
10804
10806
10831
10833
10848
10850
10862
10865
10870
10872
10909
10911
10931
10972
10975
10977
10994
10997
10999
11016
11085
11087
11099
11102
11107
11109
11146
11148
11168
11195
11197
11217
11219
11226
11229
11234
11236
11253
11256
11258
11273
11275
11278
11280
11295
11300
11302
11319
11344
11346
11366
11368
11388
11390
11432
11434
11454
11456
11498
11500
11586
11588
11600
11603
11605
11622
11625
11627
11647
11649
11688
11713
11715
11735
11737
11757
11759
11774
11776
11779
11781
11881
11884
11886
11925
11950
11952
11964
11967
11969
11994
11996
12008
12033
12035
12055
12057
12060
12062
12074
12118
12143
12145
12162
12187
12189
12245
12248
12250
12267
12270
12272
12292
12294
12336
12338
12363
12365
12438
12441
12443
12465
12468
12470
12482
12504
12526
12570
12578
12580
12595
12597
12600
12602
12614
12622
12624
12639
12641
12658
12680
12705
12707
12724
12749
12751
12763
12766
12768
12785
12788
12790
12810
12812
12854
12856
12873
12876
12878
12895
12898
12900
12917
12939
12961
13030
13032
13044
13047
13049
13066
13069
13071
13088
13132
13157
13159
13162
13164
13179
13181
13198
13237
13240
13242
13264
13281
13303
13328
13330
13369
13399
13401
13408
13411
13413
13438
13440
13455
13457
13477
13479
13504
13506
13531
13533
13548
13550
13562
13565
13570
13572
13609
13611
13628
13633
13650
13653
13655
13675
13677
13689
13692
13694
13719
13721
13733
13738
13758
13760
13780
13782
13799
13804
13846
13848
13868
13873
13875
13917
13919
13931
13934
13936
13953
13956
13958
13975
14019
14044
14046
14066
14068
14080
14083
14085
14102
14105
14107
14127
14129
14168
14190
14193
14195
14212
14251
14254
14281
14283
14298
14300
14303
14305
14320
14322
14325
14327
14347
14349
14361
14364
14366
14408
14410
14427
14449
14452
14454
14474
14476
14488
14491
14493
14518
14520
14532
14557
14559
14579
14581
14584
14586
14598
14642
14664
14689
14691
14733
14735
14760
14762
14769
14772
14774
14796
14799
14801
14816
14818
14838
14840
14862
14892
14894
14901
14904
14906
14923
14926
14945
14989
14994
15014
15016
15033
15050
15053
15055
15080
15082
15097
15119
15121
15138
15141
15143
15160
15163
15182
15212
15214
15231
15251
15253
15278
15280
15292
15295
15297
15322
15324
15339
15341
15358
15380
15383
15385
15397
15400
15402
15424
15441
15466
15468
15488
15490
15510
15512
15595
15598
15600
15617
15620
15622
15642
15644
15661
15686
15688
15700
15703
15705
15730
15732
15744
15766
15788
15818
15820
15832
15854
15879
15881
15893
15896
15898
15920
15937
15962
15964
15984
15986
16003
16025
16028
16030
16047
16069
16091
16121
16123
16152
16155
16199
16201
16204
16206
16221
16240
16243
16245
16287
16289
16306
16336
16338
16353
16355
16372
16394
16397
16399
16419
16421
16438
16460
16485
16487
16499
16502
16504
16529
16531
16543
16565
16587
16595
16597
16609
16648
16651
16653
16670
16673
16695
16700
16702
16722
16724
16739
16741
16744
16746
16780
16783
16785
16810
16812
16827
16829
16849
16851
16912
16915
16917
16934
16937
16939
16959
16961
17003
17005
17069
17071
17113
17115
17135
17137
17179
17181
17237
17240
17242
17281
17298
17301
17303
17328
17330
17345
17347
17364
17386
17389
17391
17411
17413
17430
17455
17457
17474
17499
17501
17518
17543
17545
17557
17560
17562
17587
17589
17604
17606
17623
17645
17648
17650
17667
17689
17741
17743
17758
17760
17772
17775
17780
17782
17819
17821
17824
17826
17841
17868
17870
17890
17892
17904
17907
17909
17951
17953
17970
17992
17995
17997
18014
18044
18046
18083
18085
18146
18149
18151
18193
18195
18207
18210
18212
18251
18276
18278
18295
18303
18305
18317
18339
18378
18381
18405
18425
18427
18430
18432
18444
18488
18513
18515
18535
18537
18557
18559
18571
18574
18579
18581
18618
18620
18623
18625
18640
18667
18669
18681
18684
18686
18725
18750
18752
18772
18774
18794
18796
18918
18921
18923
18940
18943
18945
18962
19006
19031
19033
19036
19038
19053
19055
19058
19060
19072
19094
19097
19099
19119
19121
19138
19160
19185
19187
19251
19253
19309
19312
19314
19331
19334
19336
19353
19375
19397
19427
19429
19463
19480
19483
19485
19510
19512
19527
19546
19590
19598
19600
19612
19620
19622
19629
19632
19642
19644
19656
19676
19681
19683
19698
19703
19705
19722
19744
19747
19749
19766
19805
19808
19810
19827
19830
19832
19852
19854
19871
19893
19915
19937
19959
19981
20050
20052
20138
20140
20152
20155
20157
20169
20172
20177
20179
20199
20201
20216
20218
20238
20257
20260
20262
20279
20282
20284
20301
20323
20375
20377
20389
20397
20399
20419
20421
20433
20441
20443
20455
20480
20482
20499
20521
20543
20643
20646
20651
20653
20670
20673
20675
20690
20709
20736
20756
20778
20783
20785
20805
20807
20849
20851
20907
20910
20912
20937
20939
20951
20968
20971
20998
21000
21003
21005
21015
21017
21037
21047
21049
21064
21066
21083
21105
21108
21110
21130
21132
21149
21188
21191
21193
21218
21220
21232
21254
21279
21281
21323
21325
21342
21345
21347
21386
21411
21413
21425
21428
21430
21455
21457
21469
21494
21496
21513
21538
21540
21560
21562
21582
21584
21626
21628
21640
21643
21645
21687
21689
21709
21711
21736
21738
21750
21753
21755
21772
21775
21777
21794
21838
21863
21865
21868
21870
21885
21887
21904
21970
21987
21990
21992
22009
22012
22014
22034
22036
22075
22122
22124
22141
22149
22151
22185
22207
22232
22234
22246
22249
22293
22295
22298
22300
22315
22317
22320
22322
22342
22344
22356
22359
22361
22378
22381
22383
22400
22439
22442
22469
22471
22483
22488
22508
22510
22513
22515
22530
22532
22552
22554
22593
22596
22598
22637
22659
22676
22679
22723
22725
22745
22747
22772
22774
22786
22789
22791
22816
22818
22833
22835
22855
22857
22874
22877
22879
22918
22943
22945
22957
22960
22962
22987
22989
23004
23006
23026
23028
23053
23055
23097
23099
23111
23114
23116
23133
23136
23138
23158
23160
23199
23224
23226
23238
23241
23243
23268
23270
23282
23307
23309
23329
23331
23334
23336
23351
23353
23392
23395
23397
23439
23441
23461
23463
23549
23551
23585
23588
23590
23632
23634
23651
23673
23676
23678
23698
23700
23742
23744
23822
23825
23827
23844
23847
23849
23869
23871
23883
23886
23913
23915
23930
23932
23935
23937
23952
23954
23957
23959
23979
23981
24023
24025
24089
24091
24191
24194
24196
24238
24240
24260
24262
24318
24321
24323
24340
24343
24345
24365
24367
24409
24411
24428
24431
24433
24458
24460
24475
24477
24494
24541
24543
24560
24599
24602
24604
24629
24631
24643
24665
24690
24692
24695
24697
24734
24736
24783
24785
24819
24822
24824
24849
24851
24888
24890
24946
24949
24954
24956
24993
24995
24998
25000
25015
25017
25042
25044
25078
25081
25083
25100
25103
25105
25125
25127
25144
25169
25171
25188
25213
25215
25235
25237
25293
25296
25298
25323
25325
25340
25342
25359
25381
25384
25386
25406
25408
25425
25450
25452
25464
25467
25469
25494
25496
25511
25513
25530
25560
25562
25574
25599
25601
25621
25623
25643
25645
25701
25704
25706
25748
25750
25767
25789
25792
25794
25814
25816
25858
25860
25885
25887
25899
25902
25904
25921
25924
25926
25946
25948
25987
26026
26029
26031
26048
26051
26053
26073
26075
26117
26119
26144
26146
26158
26161
26163
26180
26183
26185
26205
26207
26224
26246
26271
26273
26315
26317
26351
26354
26356
26373
26376
26378
26398
26400
26442
26444
26464
26466
26483
26486
26488
26530
26532
26552
26554
26610
26613
26615
26632
26635
26637
26657
26659
26701
26703
26728
26730
26764
26767
26769
26811
26813
26830
26847
26850
26852
26877
26879
26891
26916
26918
26938
26940
26943
26945
26960
26962
27001
27004
27006
27018
27021
27023
27045
27062
27067
27087
27089
27109
27111
27128
27175
27177
27197
27199
27202
27204
27238
27241
27243
27282
27304
27329
27331
27365
27368
27370
27412
27414
27431
27461
27463
27475
27492
27495
27522
27524
27536
27541
27561
27580
27605
27607
27624
27632
27634
27649
27651
27671
27673
27693
27695
27773
27776
27778
27800
27803
27805
27817
27839
27864
27866
27883
27891
27893
27908
27910
27927
27952
27954
27971
27993
28018
28020
28062
28064
28076
28079
28081
28120
28142
28167
28169
28172
28174
28208
28230
28233
28235
28255
28257
28260
28262
28274
28296
28321
28323
28362
28401
28404
28406
28431
28433
28445
28467
28492
28494
28497
28499
28511
28536
28538
28558
28560
28580
28582
28638
28641
28643
28682
28704
28729
28731
28734
28736
28756
28758
28773
28775
28792
28795
28797
28839
28841
28858
28905
28907
28919
28922
28924
28966
28968
28988
28990
29015
29017
29029
29032
29034
29051
29054
29056
29073
29095
29117
29147
29149
29183
29200
29203
29205
29230
29232
29247
29266
29288
29291
29293
29313
29315
29318
29320
29332
29357
29359
29379
29381
29401
29403
29437
29440
29442
29459
29462
29464
29481
29486
29547
29569
29572
29574
29591
29657
29704
29706
29726
29728
29731
29733
29762
29765
29770
29772
29784
29787
29789
29809
29811
29814
29816
29833
29850
29872
29875
29877
29897
29899
29916
29941
29943
29963
29965
29985
29987
30004
30007
30009
30021
30024
30026
30051
30053
30068
30090
30092
30117
30119
30131
30134
30136
30178
30180
30192
30195
30197
30219
30222
30224
30239
30241
30261
30263
30315
30317
30332
30334
30346
30349
30393
30395
30412
30417
30434
30437
30439
30456
30525
30527
30539
30542
30544
30586
30591
30593
30605
30652
30657
30659
30674
30676
30679
30681
30701
30703
30737
30740
30742
30759
30762
30764
30781
30803
30842
30845
30847
30872
30874
30886
30908
30933
30935
30938
30940
30952
30960
30962
30977
30979
30999
31001
31018
31062
31087
31089
31109
31111
31123
31126
31128
31170
31172
31189
31233
31258
31260
31277
31299
31324
31326
31368
31370
31382
31385
31387
31404
31407
31409
31429
31431
31448
31473
31475
31495
31497
31517
31519
31553
31556
31558
31600
31602
31619
31641
31644
31646
31663
31693
31695
31707
31729
31737
31739
31754
31756
31773
31795
31820
31822
31839
31864
31866
31878
31881
31883
31900
31903
31905
31922
31974
31976
31991
31993
31996
31998
32018
32020
32054
32057
32059
32084
32086
32098
32123
32125
32145
32147
32167
32169
32186
32189
32191
32233
32235
32255
32257
32313
32316
32318
32343
32345
32360
32362
32379
32409
32411
32423
32448
32450
32470
32472
32492
32494
32511
32514
32516
32536
32538
32558
32560
32580
32582
32624
32626
32638
32641
32643
32685
32687
32707
32709
32726
32729
32731
32748
32751
32753
32817
32819
32875
32878
32880
32905
32907
32922
32924
32941
32963
32966
32968
32988
32990
33007
33032
33034
33046
33049
33051
33093
33095
33115
33117
33134
33137
33139
33156
33159
33161
33178
33244
33274
33276
33291
33293
33310
33357
33359
33376
33445
33447
33459
33462
33464
33476
33479
33484
33486
33506
33508
33523
33525
33545
33572
33574
33586
33589
33591
33613
33616
33618
33633
33635
33652
33696
33721
33723
33726
33728
33743
33745
33748
33750
33762
33809
33811
33828
33850
33853
33855
33875
33877
33919
33921
33963
33965
33977
33980
33982
34024
34026
34038
34041
34043
34073
34075
34085
34090
34092
34104
34109
34134
34136
34151
34153
34173
34178
34180
34258
34261
34263
34280
34283
34285
34302
34346
34371
34373
34385
34388
34390
34412
34432
34434
34451
34498
34500
34517
34525
34527
34547
34549
34561
34583
34608
34610
34613
34615
34627
34652
34654
34666
34669
34671
34688
34691
34693
34713
34718
34720
34757
34759
34784
34786
34798
34801
34803
34828
34830
34845
34847
34859
34862
34906
34908
34911
34913
34928
34952
34969
34972
34974
34999
35001
35016
35018
35035
35082
35084
35104
35106
35123
35126
35128
35162
35165
35192
35194
35206
35214
35216
35231
35233
35236
35238
35253
35255
35258
35260
35275
35277
35316
35319
35321
35360
35385
35387
35407
35409
35429
35431
35553
35556
35558
35575
35578
35580
35597
35666
35668
35724
35727
35729
35746
35749
35751
35771
35773
35815
35817
35864
35866
35886
35888
35900
35903
35905
35922
35925
35927
35947
35949
35966
35988
36013
36015
36027
36030
36032
36074
36076
36096
36098
36115
36118
36120
36137
36140
36142
36159
36203
36225
36250
36252
36294
36296
36330
36333
36335
36377
36379
36396
36426
36428
36443
36445
36457
36460
36492
36494
36504
36506
36509
36511
36526
36553
36555
36567
36570
36572
36594
36597
36599
36611
36636
36638
36655
36680
36682
36702
36704
36724
36726
36804
36807
36809
36831
36834
36836
36851
36853
36873
36875
36944
36946
36980
36983
36985
37027
37029
37046
37085
37088
37090
37107
37110
37112
37129
37173
37198
37200
37203
37205
37217
37225
37227
37239
37261
37283
37305
37327
37344
37347
37349
37366
37369
37371
37391
37393
37435
37437
37462
37464
37476
37479
37481
37493
37496
37501
37503
37523
37525
37540
37545
37547
37562
37699
37701
37743
37745
37765
37767
37779
37782
37784
37809
37811
37826
37828
37848
37850
37867
37870
37872
37911
37928
37931
37933
37950
37953
37955
37975
37977
38016
38046
38048
38063
38065
38077
38080
38104
38107
38109
38124
38126
38129
38131
38146
38151
38153
38195
38197
38253
38256
38258
38283
38285
38297
38322
38324
38344
38346
38366
38368
38476
38478
38490
38493
38495
38512
38515
38517
38534
38556
38578
38608
38610
38622
38644
38669
38671
38710
38749
38752
38754
38771
38774
38776
38796
38798
38815
38840
38842
38862
38864
38881
38920
38923
38925
38947
38967
38969
38989
38991
39126
39128
39148
39150
39157
39160
39165
39167
39184
39187
39189
39204
39206
39209
39211
39226
39231
39233
39250
39275
39277
39289
39292
39294
39319
39321
39333
39355
39377
39399
39407
39409
39443
39451
39453
39465
39490
39492
39509
39534
39536
39553
39578
39580
39600
39602
39622
39624
39653
39656
39661
39663
39688
39690
39700
39722
39746
39749
39751
39776
39778
39793
39795
39812
39878
39903
39905
39912
39915
39920
39922
39959
39981
39983
39986
39988
40005
40008
40010
40027
40049
40066
40069
40071
40110
40115
40135
40137
40157
40159
40179
40181
40237
40240
40245
40247
40284
40286
40289
40291
40306
40308
40311
40313
40333
40335
40369
40372
40374
40391
40394
40396
40413
40435
40504
40506
40540
40543
40545
40587
40589
40609
40611
40628
40631
40633
40650
40653
40655
40672
40724
40726
40741
40743
40760
40763
40765
40790
40792
40807
40809
40821
40824
40865
40873
40875
40887
40892
40912
40914
40917
40919
40931
40953
40975
40997
41005
41007
41019
41041
41107
41124
41127
41132
41134
41154
41156
41168
41193
41195
41198
41200
41212
41237
41239
41259
41261
41278
41300
41303
41305
41325
41327
41344
41369
41371
41391
41393
41413
41415
41449
41452
41454
41496
41498
41515
41537
41540
41542
41562
41564
41589
41591
41606
41608
41620
41623
41628
41630
41667
41669
41672
41674
41689
41716
41718
41774
41777
41779
41804
41806
41818
41840
41857
41860
41904
41909
41911
41926
41967
41970
41972
42014
42016
42036
42038
42055
42058
42060
42077
42080
42082
42102
42104
42143
42190
42192
42212
42214
42217
42219
42226
42229
42231
42253
42256
42258
42270
42295
42297
42317
42322
42324
42339
42341
42366
42368
42388
42390
42402
42405
42407
42449
42451
42468
42493
42495
42507
42510
42512
42537
42539
42554
42559
42561
42576
42578
42603
42605
42617
42620
42622
42664
42666
42686
42688
42727
42730
42732
42774
42776
42796
42798
42818
42820
42840
42842
42854
42857
42859
42901
42903
42920
42967
42969
42989
42991
43047
43050
43052
43094
43096
43116
43118
43135
43138
43140
43157
43160
43162
43179
43248
43250
43284
43287
43289
43306
43309
43311
43328
43350
43372
43402
43404
43438
43468
43470
43485
43487
43507
43509
43565
43568
43573
43575
43612
43614
43617
43619
43634
43636
43639
43641
43653
43656
43658
43700
43702
43719
43766
43768
43780
43783
43785
43807
43810
43812
43827
43829
43849
43851
43890
43893
43895
43920
43922
43937
43939
43959
43961
43978
43981
43983
44022
44047
44049
44061
44064
44066
44091
44093
44108
44110
44127
44157
44159
44174
44176
44196
44198
44223
44225
44289
44291
44311
44313
44347
44350
44352
44377
44379
44391
44408
44411
44452
44474
44479
44499
44501
44504
44506
44540
44570
44572
44584
44609
44611
44628
44653
44655
44672
44697
44699
44716
44741
44743
44755
44758
44760
44785
44787
44799
44816
44819
44846
44848
44863
44865
44885
44909
44934
44936
44956
44958
44978
44980
45022
45024
45044
45046
45110
45112
45132
45134
45163
45166
45171
45173
45210
45232
45251
45254
45256
45298
45300
45320
45322
45347
45349
45361
45364
45366
45405
45430
45432
45452
45454
45471
45518
45520
45540
45542
45576
45579
45581
45623
45625
45642
45672
45674
45681
45684
45708
45728
45730
45733
45735
45747
45774
45794
45796
45813
45835
45838
45840
45857
45879
45931
45933
45945
45962
45965
45970
45972
45984
45987
45989
46009
46014
46016
46033
46050
46080
46082
46097
46099
46119
46121
46182
46185
46187
46204
46207
46209
46229
46231
46270
46317
46319
46339
46341
46361
46363
46375
46378
46380
46397
46400
46402
46422
46424
46441
46463
46488
46490
46515
46517
46532
46534
46546
46549
46554
46556
46593
46595
46598
46600
46615
46678
46681
46683
46708
46710
46725
46727
46744
46783
46786
46810
46830
46832
46835
46837
46852
46857
46859
46901
46903
46915
46918
46920
46945
46947
46959
46984
46986
47003
47011
47013
47028
47030
47042
47045
47072
47074
47089
47091
47094
47096
47111
47138
47140
47160
47162
47218
47221
47223
47248
47250
47262
47279
47282
47309
47311
47314
47316
47326
47328
47348
47375
47377
47416
47419
47421
47455
47458
47460
47499
47524
47526
47546
47548
47551
47553
47568
47570
47626
47629
47631
47673
47675
47692
47722
47724
47739
47741
47761
47763
47788
47790
47920
47922
47951
47954
47959
47961
47973
47976
47978
47998
48000
48003
48005
48017
48022
48039
48064
48066
48105
48122
48125
48130
48132
48152
48154
48169
48171
48191
48218
48220
48240
48242
48259
48298
48301
48303
48345
48347
48367
48369
48381
48384
48386
48425
48447
48472
48474
48477
48479
48516
48518
48557
48560
48562
48604
48606
48626
48628
48684
48687
48689
48728
48750
48775
48777
48780
48782
48819
48821
48868
48870
48882
48885
48887
48904
48907
48909
48929
48931
48970
48987
48990
48992
49009
49012
49014
49031
49053
49075
49119
49141
49149
49151
49166
49168
49171
49173
49185
49210
49212
49232
49234
49251
49273
49276
49278
49298
49300
49342
49344
49400
49403
49405
49422
49425
49427
49447
49449
49461
49464
49466
49488
49508
49513
49515
49530
49532
49557
49559
49579
49581
49593
49596
49598
49623
49625
49637
49662
49664
49684
49686
49706
49708
49725
49728
49730
49772
49774
49794
49796
49860
49862
49874
49877
49879
49918
49943
49945
49965
49967
49987
49989
50089
50092
50094
50111
50114
50116
50136
50138
50180
50182
50199
50202
50204
50229
50231
50246
50248
50265
50312
50314
50331
50378
50380
50400
50402
50436
50439
50441
50480
50505
50507
50527
50529
50549
50551
50563
50566
50571
50573
50610
50612
50615
50617
50632
50634
50637
50639
50659
50661
50695
50698
50700
50742
50744
50761
50791
50793
50808
50810
50822
50825
50866
50874
50876
50891
50913
50915
50918
50920
50932
50940
50942
50979
50981
50998
51020
51023
51025
51042
51064
51130
51177
51179
51199
51201
51235
51238
51240
51257
51260
51262
51282
51284
51301
51326
51328
51348
51350
51370
51372
51406
51409
51411
51428
51431
51433
51453
51455
51497
51499
51516
51519
51521
51538
51541
51543
51563
51565
51607
51609
51687
51690
51692
51734
51736
51756
51758
51783
51785
51819
51822
51824
51849
51851
51866
51868
51888
51890
51951
51954
51956
51968
51971
51973
51998
52000
52015
52017
52034
52064
52066
52081
52083
52103
52105
52108
52110
52144
52147
52149
52166
52169
52171
52188
52210
52279
52281
52293
52296
52298
52315
52318
52320
52340
52342
52384
52386
52403
52406
52408
52433
52435
52447
52469
52494
52496
52535
52552
52555
52557
52582
52584
52596
52621
52623
52643
52645
52648
52650
52665
52667
52706
52709
52711
52750
52772
52789
52792
52794
52811
52814
52816
52836
52838
52855
52880
52882
52902
52904
52924
52926
52987
52990
52992
53034
53036
53056
53058
53070
53073
53075
53117
53119
53136
53158
53161
53163
53183
53185
53210
53212
53227
53229
53241
53244
53249
53251
53288
53290
53293
53295
53310
53337
53339
53351
53354
53356
53398
53400
53420
53422
53439
53442
53444
53483
53508
53510
53530
53532
53549
53596
53598
53618
53620
53654
53657
53659
53676
53679
53681
53698
53720
53750
53752
53772
53774
53786
53808
53811
53813
53825
53828
53830
53852
53872
53891
53913
53916
53918
53935
53943
53945
53957
53979
54023
54048
54050
54070
54072
54089
54111
54114
54116
54128
54131
54133
54175
54177
54197
54199
54282
54285
54287
54329
54331
54351
54353
54409
54412
54414
54431
54434
54436
54456
54458
54500
54502
54527
54529
54563
54566
54568
54610
54612
54629
54676
54678
54690
54693
54695
54737
54739
54759
54761
54778
54781
54783
54800
54803
54805
54825
54827
54866
54913
54915
54935
54937
54971
54974
54976
55018
55020
55037
55067
55069
55084
55086
55103
55150
55152
55169
55216
55218
55238
55240
55318
55321
55323
55365
55367
55387
55389
55406
55409
55411
55445
55448
55450
55475
55477
55492
55494
55514
55516
55541
55543
55555
55558
55560
55585
55587
55602
55604
55621
55643
55646
55648
55668
55670
55687
55712
55714
55726
55729
55731
55756
55758
55770
55792
55817
55819
55861
55863
55880
55883
55885
55910
55912
55924
55946
55971
55973
56012
56029
56032
56034
56051
56054
56056
56073
56095
56125
56127
56161
56169
56171
56183
56186
56188
56205
56213
56215
56227
56244
56247
56271
56291
56293
56313
56318
56320
56354
56357
56359
56398
56420
56437
56440
56464
56484
56489
56491
56503
56508
56533
56535
56550
56555
56557
56572
56574
56613
56616
56618
56635
56638
56640
56660
56662
56704
56706
56731
56733
56767
56770
56772
56814
56816
56833
56850
56853
56855
56880
56882
56894
56919
56921
56941
56943
56946
56948
56963
56965
57004
57007
57009
57021
57024
57026
57048
57068
57090
57092
57117
57119
57131
57134
57136
57161
57163
57178
57180
57197
57244
57246
57263
57285
57288
57290
57310
57312
57354
57356
57368
57371
57373
57412
57434
57459
57461
57464
57466
57486
57488
57503
57505
57522
57525
57527
57566
57588
57605
57608
57610
57649
57674
57676
57693
57701
57703
57718
57720
57740
57742
57759
57806
57808
57825
57872
57874
57894
57896
57930
57933
57935
57977
57979
57996
58040
58065
58067
58070
58072
58087
58089
58092
58094
58106
58128
58131
58133
58153
58155
58172
58194
58211
58214
58216
58255
58280
58282
58302
58304
58324
58326
58343
58346
58348
58365
58368
58370
58390
58392
58409
58431
58456
58458
58500
58502
58536
58539
58541
58558
58561
58563
58583
58585
58602
58627
58629
58649
58651
58671
58673
58795
58798
58800
58825
58827
58839
58861
58886
58888
58891
58893
58930
58932
58993
58996
58998
59010
59013
59015
59040
59042
59057
59059
59076
59106
59108
59123
59125
59145
59147
59150
59152
59172
59174
59186
59189
59191
59230
59252
59274
59313
59316
59318
59335
59338
59340
59360
59362
59404
59406
59423
59426
59428
59453
59455
59470
59472
59484
59487
59511
59514
59516
59531
59533
59536
59538
59553
59558
59560
59594
59597
59599
59616
59619
59621
59638
59660
59712
59714
59721
59724
59734
59736
59748
59751
59753
59768
59790
59795
59797
59814
59836
59839
59841
59861
59863
59905
59907
59927
59929
59949
59951
60029
60032
60034
60073
60098
60100
60120
60122
60142
60144
60156
60159
60161
60186
60188
60203
60205
60225
60227
60252
60254
60266
60269
60271
60313
60315
60335
60337
60354
60357
60359
60401
60403
60423
60425
60467
60469
60481
60484
60486
60511
60513
60528
60530
60547
60569
60572
60574
60591
60613
60665
60667
60682
60684
60701
60748
60750
60767
60806
60809
60811
60853
60855
60875
60877
60938
60941
60943
60985
60987
61004
61029
61031
61043
61046
61048
61073
61075
61090
61092
61109
61131
61134
61136
61156
61158
61175
61200
61202
61222
61224
61244
61246
61363
61366
61371
61373
61410
61432
61434
61437
61439
61451
61454
61456
61481
61483
61498
61500
61520
61522
61547
61549
61561
61564
61566
61608
61610
61630
61632
61649
61652
61654
61696
61698
61718
61720
61776
61779
61781
61798
61801
61803
61823
61825
61867
61869
61886
61889
61891
61933
61935
61955
61957
62065
62067
62101
62104
62106
62148
62150
62167
62214
62216
62236
62238
62294
62297
62299
62316
62319
62321
62341
62343
62385
62387
62404
62407
62409
62451
62453
62465
62468
62470
62512
62514
62534
62536
62561
62563
62575
62578
62580
62597
62600
62602
62622
62624
62663
62693
62695
62710
62712
62715
62717
62729
62751
62754
62756
62768
62771
62773
62795
62815
62834
62856
62859
62861
62881
62883
62886
62888
62900
62922
62947
62949
62966
62991
62993
63005
63008
63010
63032
63052
63057
63059
63071
63101
63103
63115
63123
63125
63137
63145
63147
63162
63164
63167
63169
63181
63189
63191
63206
63208
63228
63230
63247
63269
63272
63274
63291
63360
63362
63418
63421
63423
63448
63450
63465
63467
63487
63489
63506
63509
63511
63528
63531
63533
63550
63619
63621
63646
63648
63655
63658
63660
63682
63685
63687
63702
63704
63724
63726
63743
63746
63790
63792
63812
63814
63914
63917
63922
63924
63944
63946
63961
63963
63966
63968
63980
63985
64010
64012
64027
64029
64049
64051
64068
64071
64073
64112
64137
64139
64159
64161
64181
64183
64305
64308
64310
64349
64374
64376
64396
64398
64418
64420
64682
64684
64691
64694
64696
64713
64716
64721
64723
64738
64740
64765
64767
64779
64784
64809
64811
64823
64845
64867
64906
64909
64928
64931
64933
64953
64980
64982
64994
65016
65019
65024
65026
65041
65043
65085
65087
65104
65107
65109
65126
65129
65131
65148
65187
65190
65192
65217
65219
65231
65256
65258
65278
65280
65283
65285
65297
65344
65346
65363
65371
65373
65385
65388
65390
65407
65473
65520
65522
65542
65544
65578
65581
65583
65625
65627
65647
65649
65705
65708
65713
65715
65740
65742
65752
65754
65757
65759
65771
65776
65801
65803
65818
65820
65840
65845
65847
65867
65869
65947
65950
65952
65969
65972
65974
65994
65996
66008
66011
66038
66040
66055
66057
66060
66062
66077
66104
66106
66118
66121
66123
66162
66184
66209
66211
66253
66255
66355
66358
66360
66399
66424
66426
66443
66451
66453
66468
66470
66487
66512
66514
66534
66536
66553
66592
66595
66597
66614
66617
66619
66636
66705
66707
66710
66712
66724
66727
66729
66746
66749
66751
66771
66773
66790
66812
66829
66832
66834
66876
66878
66895
66925
66927
66942
66944
66961
66969
66971
66983
66986
66988
67005
67027
67049
67071
67140
67142
67176
67179
67181
67198
67201
67203
67223
67225
67264
67308
67333
67335
67355
67357
67377
67379
67391
67394
67396
67435
67457
67482
67484
67509
67511
67526
67528
67545
67548
67550
67592
67594
67611
67658
67660
67672
67675
67677
67716
67741
67743
67760
67782
67807
67809
67848
67895
67897
67917
67919
67953
67956
67958
68000
68002
68019
68049
68051
68066
68068
68085
68093
68095
68115
68117
68129
68154
68156
68176
68178
68195
68217
68220
68222
68234
68237
68239
68278
68303
68305
68325
68327
68330
68332
68347
68349
68454
68457
68459
68471
68474
68476
68501
68503
68518
68520
68537
68567
68569
68584
68586
68606
68608
68611
68613
68633
68635
68647
68650
68652
68694
68696
68713
68735
68738
68740
68752
68755
68757
68799
68801
68821
68823
68848
68850
68892
68894
68914
68916
68928
68931
68933
68958
68960
68972
68997
68999
69016
69041
69043
69055
69058
69085
69087
69099
69107
69109
69124
69126
69129
69131
69146
69148
69151
69153
69168
69170
69209
69212
69214
69239
69241
69256
69258
69275
69297
69300
69302
69322
69324
69341
69366
69368
69388
69390
69446
69449
69451
69476
69478
69493
69495
69515
69517
69608
69610
69617
69620
69622
69644
69647
69649
69664
69666
69683
69710
69727
69752
69754
69774
69776
69796
69798
69810
69813
69818
69820
69857
69859
69862
69864
69879
69906
69908
69928
69930
69942
69945
69950
69952
69972
69974
69989
69991
69994
69996
70011
70013
70052
70055
70057
70074
70077
70079
70096
70165
70167
70223
70226
70228
70253
70255
70270
70272
70292
70294
70311
70314
70316
70333
70336
70338
70355
70424
70426
70460
70463
70465
70504
70529
70531
70551
70553
70573
70575
70592
70595
70597
70639
70641
70661
70663
70741
70744
70746
70788
70790
70810
70812
70837
70839
70873
70876
70878
70920
70922
70939
70956
70959
70961
70986
70988
71000
71025
71027
71047
71049
71069
71071
71088
71091
71093
71110
71113
71115
71135
71137
71176
71223
71225
71245
71247
71281
71284
71286
71328
71330
71347
71377
71379
71394
71396
71413
71421
71423
71452
71455
71479
71499
71501
71504
71506
71521
71526
71528
71540
71543
71545
71570
71572
71584
71609
71611
71628
71650
71672
71694
71702
71704
71711
71714
71738
71755
71760
71780
71782
71802
71821
71851
71853
71865
71873
71875
71887
71895
71897
71912
71914
71931
71953
71978
71980
71997
72022
72024
72041
72066
72068
72080
72083
72085
72110
72112
72127
72129
72149
72151
72176
72178
72190
72193
72195
72220
72222
72234
72256
72278
72322
72339
72342
72344
72361
72364
72366
72383
72405
72474
72476
72479
72481
72493
72496
72498
72540
72542
72559
72581
72584
72586
72598
72601
72603
72642
72667
72669
72686
72711
72713
72733
72735
72752
72799
72801
72818
72826
72828
72862
72887
72889
72901
72904
72906
72928
72948
72950
72970
72972
72989
72992
72994
73036
73038
73058
73060
73099
73102
73104
73146
73148
73165
73204
73207
73209
73234
73236
73248
73270
73295
73297
73300
73302
73339
73341
73353
73356
73358
73400
73405
73407
73419
73466
73468
73471
73473
73485
73493
73495
73515
73517
73529
73551
73576
73578
73595
73603
73605
73617
73642
73644
73686
73688
73705
73708
73710
73722
73725
73727
73752
73754
73766
73791
73793
73813
73815
73818
73820
73832
73876
73901
73903
73920
73937
73940
73967
73969
73984
73986
74006
74008
74011
74013
74069
74072
74074
74099
74101
74113
74130
74133
74157
74177
74179
74199
74204
74206
74218
74221
74223
74248
74250
74265
74267
74287
74289
74314
74316
74358
74360
74372
74375
74377
74394
74397
74399
74416
74433
74436
74460
74480
74482
74502
74504
74521
74524
74526
74543
74546
74548
74568
74570
74612
74614
74631
74634
74636
74653
74656
74658
74678
74680
74697
74722
74724
74744
74746
74766
74768
74802
74805
74807
74824
74827
74829
74846
74868
74937
74939
75061
75064
75066
75083
75086
75088
75105
75157
75159
75174
75176
75188
75191
75196
75198
75235
75237
75240
75242
75257
75284
75286
75298
75301
75303
75320
75323
75325
75342
75386
75411
75413
75430
75455
75457
75477
75479
75496
75535
75538
75540
75565
75567
75582
75584
75601
75623
75626
75628
75648
75650
75667
75692
75694
75706
75709
75711
75736
75738
75753
75755
75772
75802
75804
75816
75841
75843
75846
75848
75863
75865
75868
75870
75882
75929
75931
75948
75956
75958
75970
75973
75975
75992
76053
76056
76100
76102
76105
76107
76119
76127
76129
76149
76151
76163
76188
76190
76193
76195
76210
76212
76215
76217
76232
76234
76317
76320
76322
76334
76337
76339
76364
76366
76378
76403
76405
76425
76427
76430
76432
76444
76491
76493
76513
76515
76554
76557
76559
76601
76603
76623
76625
76689
76691
76711
76713
76747
76750
76752
76769
76772
76774
76791
76813
76882
76884
76918
76921
76923
76940
76943
76945
76965
76967
77009
77011
77028
77031
77033
77050
77053
77055
77075
77077
77119
77121
77133
77136
77138
77180
77182
77202
77204
77229
77231
77265
77268
77270
77312
77314
77331
77378
77380
77400
77402
77436
77439
77441
77458
77461
77463
77480
77532
77534
77549
77551
77554
77556
77590
77593
77595
77620
77622
77634
77659
77661
77681
77683
77703
77705
77722
77725
77727
77783
77786
77788
77830
77832
77852
77854
77871
77874
77876
77918
77920
77940
77942
77959
77962
77964
78006
78008
78028
78030
78108
78111
78113
78130
78133
78135
78155
78157
78199
78201
78270
78272
78287
78289
78306
78309
78311
78372
78389
78392
78394
78411
78414
78416
78436
78438
78480
78482
78507
78509
78604
78607
78612
78614
78634
78636
78651
78653
78656
78658
78673
78675
78678
78680
78692
78695
78697
78736
78758
78783
78785
78797
78800
78802
78827
78829
78844
78849
78851
78866
78868
78937
78939
78959
78961
79017
79020
79022
79039
79042
79044
79061
79100
79103
79105
79130
79132
79144
79169
79171
79188
79196
79198
79210
79235
79237
79276
79323
79325
79345
79347
79403
79406
79408
79447
79472
79474
79494
79496
79516
79518
79535
79538
79540
79582
79584
79604
79606
79706
79709
79711
79753
79755
79775
79777
79802
79804
79838
79841
79843
79885
79887
79899
79902
79946
79948
79951
79953
79968
79970
79973
79975
79995
79997
80009
80012
80014
80031
80034
80036
80053
80097
80122
80124
80136
80139
80166
80168
80180
80188
80190
80205
80207
80210
80212
80227
80229
80232
80234
80249
80251
80342
80344
80378
80381
80383
80408
80410
80417
80420
80422
80447
80449
80464
80466
80486
80488
80510
80527
80530
80532
80571
80596
80598
80610
80613
80640
80642
80654
80662
80664
80676
80684
80686
80701
80703
80706
80708
80745
80750
80752
80772
80774
80816
80818
80860
80862
80874
80877
80879
80891
80894
80899
80901
80918
80938
80940
80960
80965
80967
81009
81011
81067
81070
81072
81097
81099
81114
81116
81136
81138
81155
81158
81160
81202
81204
81224
81226
81282
81285
81287
81326
81348
81370
81400
81402
81439
81441
81502
81505
81507
81549
81551
81571
81573
81585
81588
81590
81632
81634
81651
81698
81700
81720
81722
81739
81742
81744
81786
81788
81808
81810
81874
81876
81918
81920
81954
81957
81959
81976
81979
81981
82001
82003
82020
82045
82047
82067
82069
82089
82091
82169
82172
82174
82199
82201
82213
82235
82257
82287
82289
82301
82323
82348
82350
82362
82365
82367
82389
82406
82428
82450
82472
82511
82514
82516
82538
82558
82563
82565
82580
82582
82607
82609
82621
82624
82651
82653
82665
82673
82675
82690
82692
82695
82697
82712
82714
82731
82753
82756
82758
82775
82797
82836
82839
82841
82858
82861
82863
82880
82902
82924
82968
82976
82978
82990
83015
83017
83020
83022
83034
83056
83078
83122
83139
83142
83144
83169
83171
83186
83188
83205
83249
83271
83279
83281
83293
83301
83303
83323
83325
83337
83362
83364
83381
83403
83425
83464
83467
83469
83508
83533
83535
83552
83560
83562
83574
83599
83601
83618
83640
83665
83667
83709
83711
83723
83726
83728
83745
83748
83750
83767
83811
83833
83858
83860
83885
83887
83894
83897
83916
83919
83924
83926
83941
83943
83946
83948
83985
83990
83992
84004
84007
84009
84051
84053
84073
84075
84092
84095
84097
84139
84141
84158
84205
84207
84219
84222
84266
84268
84271
84273
84288
84290
84293
84295
84315
84317
84351
84354
84356
84373
84376
84378
84395
84417
84469
84471
84486
84488
84500
84503
84508
84510
84547
84549
84552
84554
84569
84596
84598
84618
84620
84698
84701
84703
84720
84723
84725
84737
84740
84781
84803
84808
84828
84830
84833
84835
84847
84872
84874
84894
84896
84916
84918
84957
84960
84962
85004
85006
85026
85028
85092
85094
85172
85175
85177
85194
85197
85199
85219
85221
85263
85265
85290
85292
85321
85324
85329
85331
85368
85370
85373
85375
85387
85392
85409
85412
85414
85434
85436
85475
85522
85524
85544
85546
85563
85566
85568
85580
85583
85585
85610
85612
85627
85649
85651
85690
85693
85695
85737
85739
85759
85761
85817
85820
85822
85852
85854
85864
85866
85886
85891
85893
85913
85915
85927
85930
85932
85954
85957
85959
85974
85976
85996
85998
86015
86018
86020
86059
86084
86086
86106
86108
86125
86142
86145
86147
86164
86167
86169
86189
86233
86235
86282
86284
86296
86299
86301
86318
86321
86323
86343
86345
86384
86401
86404
86406
86431
86433
86448
86450
86467
86514
86516
86533
86541
86543
86555
86558
86560
86577
86621
86643
86668
86670
86712
86714
86748
86751
86753
86795
86797
86817
86819
86844
86846
86910
86912
86919
86922
86924
86963
86985
87010
87051
87059
87061
87081
87083
87095
87103
87105
87120
87122
87139
87161
87178
87181
87205
87222
87244
87249
87266
87296
87298
87310
87335
87337
87340
87342
87354
87379
87381
87401
87403
87420
87467
87469
87489
87491
87525
87528
87530
87572
87574
87591
87613
87616
87618
87635
87665
87667
87679
87701
87726
87728
87767
87806
87809
87811
87836
87838
87853
87855
87872
87919
87921
87941
87943
87977
87980
87982
88004
88007
88009
88024
88026
88046
88048
88117
88119
88153
88156
88158
88175
88178
88180
88200
88202
88219
88244
88246
88266
88268
88288
88290
88324
88327
88329
88368
88393
88395
88415
88417
88420
88422
88437
88439
88522
88525
88527
88552
88554
88569
88571
88583
88586
88630
88632
88635
88637
88649
88654
88679
88681
88693
88715
88737
88759
88767
88769
88781
88798
88801
88825
88842
88867
88872
88874
88889
88894
88896
88911
88913
88916
88918
88930
88933
88935
88977
88979
88996
89026
89028
89040
89057
89060
89087
89089
89101
89106
89126
89145
89170
89172
89192
89194
89197
89199
89211
89255
89280
89282
89302
89304
89324
89326
89365
89368
89370
89412
89414
89434
89436
89448
89451
89453
89495
89497
89514
89561
89563
89583
89585
89751
89754
89756
89773
89776
89778
89798
89800
89842
89844
89944
89947
89949
89991
89993
90013
90015
90128
90130
90164
90167
90169
90203
90206
90208
90225
90228
90250
90252
90269
90294
90296
90316
90318
90338
90340
90401
90404
90406
90418
90421
90423
90448
90450
90465
90487
90489
90528
90531
90533
90550
90553
90555
90575
90577
90619
90621
90646
90648
90668
90670
90682
90685
90687
90699
90702
90707
90709
90729
90731
90746
90751
90753
90768
90809
90812
90814
90831
90834
90836
90853
90919
90936
90939
90944
90946
90966
90968
90971
90973
90983
90988
90990
91005
91073
91076
91078
91112
91115
91117
91159
91161
91178
91195
91198
91200
91225
91227
91242
91264
91266
91305
91308
91335
91337
91349
91357
91359
91374
91376
91393
91415
91437
91459
91467
91469
91503
91520
91523
91525
91550
91552
91567
91586
91608
91611
91613
91630
91652
91674
91696
91735
91738
91748
91750
91765
91767
91770
91772
91782
91804
91845
91848
91853
91855
91872
91875
91877
91892
91894
91897
91899
91911
91933
91936
91938
91955
91977
91999
92021
92043
92073
92075
92087
92112
92114
92134
92136
92156
92158
92175
92222
92224
92288
92290
92319
92322
92327
92329
92341
92344
92349
92351
92363
92371
92373
92390
92393
92395
92412
92415
92417
92432
92434
92517
92520
92522
92547
92549
92564
92566
92578
92581
92625
92647
92710
92713
92715
92732
92735
92737
92754
92820
92850
92852
92859
92862
92864
92889
92891
92906
92908
92928
92930
92952
92991
92994
92996
93021
93023
93038
93040
93057
93104
93106
93126
93128
93189
93192
93194
93236
93238
93250
93253
93255
93272
93275
93277
93297
93299
93338
93355
93358
93363
93365
93385
93387
93402
93404
93424
93426
93429
93431
93451
93453
93495
93497
93509
93512
93514
93553
93575
93597
93605
93607
93627
93629
93641
93663
93680
93683
93685
93707
93727
93749
93751
93790
93793
93795
93820
93822
93834
93856
93878
93900
93908
93910
93917
93920
93964
93969
93971
93983
93991
93993
94010
94013
94015
94030
94032
94035
94037
94049
94096
94098
94115
94137
94140
94142
94159
94181
94198
94201
94203
94245
94267
94269
94286
94289
94291
94330
94352
94374
94382
94384
94404
94406
94418
94440
94448
94450
94465
94467
94470
94472
94509
94511
94523
94526
94528
94550
94553
94555
94570
94575
94577
94589
94619
94621
94636
94638
94641
94643
94658
94660
94685
94687
94795
94797
94809
94812
94814
94831
94834
94836
94856
94858
94897
94922
94924
94936
94939
94941
94980
95005
95007
95027
95029
95049
95051
95068
95071
95073
95115
95117
95134
95159
95161
95203
95205
95217
95220
95222
95239
95242
95244
95264
95266
95305
95352
95354
95374
95376
95432
95435
95437
95479
95481
95498
95528
95530
95542
95564
95589
95591
95616
95618
95630
95647
95650
95655
95657
95669
95672
95674
95694
95696
95718
95738
95740
95757
95760
95762
95801
95826
95828
95848
95850
95867
95889
95892
95894
95914
95916
95955
95972
95975
95977
96002
96004
96019
96021
96038
96068
96070
96085
96087
96107
96109
96143
96146
96148
96170
96173
96175
96190
96192
96212
96214
96231
96234
96236
96253
96256
96258
96278
96280
96322
96324
96402
96405
96410
96412
96449
96451
96454
96456
96468
96476
96478
96490
96493
96495
96515
96517
96542
96544
96556
96586
96588
96603
96605
96622
96644
96647
96649
96661
96664
96666
96688
96705
96727
96752
96754
96771
96793
96818
96820
96859
96881
96884
96886
96898
96901
96903
96925
96945
96947
96967
96969
97038
97040
97074
97077
97079
97121
97123
97140
97187
97189
97209
97211
97245
97248
97250
97289
97314
97316
97336
97338
97341
97343
97358
97360
97429
97431
97443
97446
97448
97465
97468
97470
97490
97492
97504
97507
97509
97531
97551
97553
97570
97592
97595
97597
97614
97666
97668
97680
97727
97729
97732
97734
97749
97751
97807
97810
97812
97834
97837
97839
97851
97873
97898
97900
97942
97944
97956
97959
97961
97978
97981
97983
98003
98008
98010
98047
98049
98071
98074
98076
98096
98098
98140
98142
98162
98164
98184
98186
98206
98208
98220
98223
98225
98264
98286
98303
98306
98325
98328
98330
98350
98352
98369
98394
98396
98416
98418
98438
98440
98457
98460
98462
98501
98523
98545
98606
98609
98611
98653
98655
98675
98677
98702
98704
98738
98741
98743
98785
98787
98804
98843
98846
98848
98873
98875
98890
98892
98909
98956
98958
98978
98980
99005
99007
99107
99110
99112
99124
99127
99129
99154
99156
99171
99173
99190
99220
99222
99237
99239
99259
99261
99278
99281
99283
99322
99344
99369
99371
99413
99415
99427
99430
99432
99471
99496
99498
99515
99523
99525
99540
99542
99562
99564
99584
99586
99625
99628
99630
99672
99674
99694
99696
99752
99755
99757
99774
99777
99779
99799
99801
99843
99845
99862
99865
99867
99909
99911
99931
99933
100085
100087
100107
100109
100121
100124
100126
100143
100146
100148
100168
100170
100187
100209
100226
100229
100231
100273
100275
100295
100297
100322
100324
100366
100368
100380
100383
100385
100402
100405
100407
100427
100429
100446
100468
100493
100495
100559
100561
100639
100642
100644
100686
100688
100700
100703
100747
100749
100752
100754
100769
100771
100774
100776
100796
100798
100810
100813
100815
100840
100842
100854
100879
100881
100901
100903
100923
100925
100942
100945
100947
100989
100991
101003
101006
101008
101050
101052
101069
101099
101101
101116
101118
101138
101140
101143
101145
101165
101167
101245
101248
101250
101267
101270
101272
101292
101294
101306
101309
101311
101336
101338
101350
101375
101377
101394
101402
101404
101416
101441
101443
101482
101529
101531
101551
101553
101653
101656
101658
101683
101685
101700
101702
101719
101741
101744
101746
101766
101768
101785
101810
101812
101824
101827
101829
101854
101856
101871
101873
101893
101895
101912
101915
101917
101959
101961
101981
101983
102022
102025
102027
102069
102071
102091
102093
102149
102152
102154
102171
102174
102176
102196
102198
102240
102242
102267
102269
102303
102306
102308
102350
102352
102369
102386
102389
102391
102416
102418
102430
102455
102457
102477
102479
102482
102484
102499
102501
102540
102543
102545
102570
102572
102584
102609
102611
102631
102633
102653
102655
102672
102675
102677
102719
102721
102733
102736
102738
102777
102802
102804
102824
102826
102829
102831
102843
102860
102863
102868
102870
102890
102892
102907
102912
102914
102929
103058
103061
103063
103102
103127
103129
103149
103151
103168
103207
103210
103212
103237
103239
103254
103256
103273
103303
103305
103320
103322
103342
103344
103347
103349
103383
103386
103388
103405
103408
103410
103430
103432
103449
103474
103476
103496
103498
103518
103520
103554
103557
103559
103584
103586
103598
103623
103625
103642
103667
103669
103689
103691
103711
103713
103835
103838
103840
103882
103884
103904
103906
103923
103926
103928
103970
103972
103992
103994
104050
104053
104055
104072
104075
104077
104094
104146
104148
104163
104165
104182
104185
104187
104212
104214
104229
104231
104251
104253
104314
104317
104319
104361
104363
104383
104385
104397
104400
104402
104444
104446
104463
104510
104512
104532
104534
104551
104554
104556
104598
104600
104620
104622
104730
104732
104752
104754
104761
104764
104769
104771
104788
104791
104793
104808
104810
104813
104815
104830
104835
104837
104854
104879
104881
104901
104903
104923
104925
104981
104984
104986
105011
105013
105028
105030
105047
105069
105072
105074
105091
105113
105182
105184
105196
105199
105201
105240
105262
105287
105289
105292
105294
105314
105316
105328
105375
105377
105394
105416
105419
105421
105477
105480
105482
105524
105526
105546
105548
105565
105568
105570
105587
105590
105592
105612
105614
105631
105653
105678
105680
105722
105724
105744
105746
105788
105790
105846
105849
105851
105890
105915
105917
105929
105932
105934
105959
105961
105976
105978
105998
106000
106025
106027
106083
106086
106088
106130
106132
106152
106154
106364
106367
106369
106394
106396
106411
106413
106430
106477
106479
106496
106543
106545
106565
106567
106601
106604
106606
106631
106633
106645
106670
106672
106692
106694
106714
106716
106772
106775
106777
106819
106821
106838
106868
106870
106882
106907
106909
106929
106931
106934
106936
106951
106953
107036
107039
107041
107075
107078
107080
107105
107107
107122
107124
107144
107146
107215
107217
107237
107239
107251
107254
107256
107298
107300
107317
107339
107356
107359
107361
107400
107425
107427
107444
107452
107454
107469
107471
107483
107486
107510
107530
107532
107535
107537
107552
107557
107559
107576
107601
107603
107615
107618
107620
107645
107647
107659
107681
107703
107711
107713
107725
107733
107735
107755
107757
107769
107794
107796
107813
107835
107857
107918
107921
107923
107940
107943
107945
107965
107967
108006
108028
108031
108033
108050
108072
108094
108155
108158
108160
108202
108204
108224
108226
108251
108253
108282
108285
108290
108292
108317
108319
108329
108331
108334
108336
108348
108356
108358
108378
108380
108395
108397
108417
108436
108439
108441
108458
108461
108463
108480
108524
108549
108551
108571
108573
108576
108578
108593
108595
108612
108615
108617
108656
108678
108703
108705
108739
108742
108744
108786
108788
108805
108835
108837
108849
108871
108896
108898
108915
108937
108954
108957
108959
108998
109023
109025
109042
109050
109052
109067
109069
109081
109084
109108
109128
109130
109133
109135
109150
109155
109157
109174
109199
109201
109221
109223
109243
109245
109265
109267
109279
109282
109284
109326
109328
109345
109367
109370
109372
109389
109450
109453
109455
109497
109499
109516
109546
109548
109560
109585
109587
109604
109612
109614
109629
109631
109651
109653
109673
109675
109714
109717
109719
109761
109763
109775
109778
109780
109797
109800
109802
109822
109824
109863
109880
109883
109888
109890
109910
109912
109915
109917
109927
109929
109949
109976
109978
109998
110000
110017
110020
110022
110078
110081
110083
110122
110147
110149
110169
110171
110174
110176
110188
110210
110213
110215
110235
110237
110254
110276
110293
110296
110298
110340
110342
110359
110406
110408
110428
110430
110447
110450
110452
110464
110467
110469
110494
110496
110511
110533
110535
110582
110584
110596
110599
110601
110618
110621
110623
110643
110645
110684
110714
110716
110731
110733
110750
110789
110792
110794
110811
110814
110836
110838
110855
110880
110882
110902
110904
110921
110968
110970
110987
111034
111036
111053
111100
111102
111114
111117
111119
111161
111163
111183
111185
111202
111205
111207
111249
111251
111271
111273
111298
111300
111329
111332
111337
111339
111376
111378
111381
111383
111395
111400
111417
111420
111422
111442
111444
111483
111513
111515
111530
111532
111549
111557
111559
111571
111574
111576
111588
111591
111615
111632
111637
111657
111679
111681
111698
111720
111723
111725
111745
111747
111786
111803
111806
111808
111830
111850
111872
111874
111896
111921
111923
111965
111967
112001
112004
112006
112023
112026
112028
112048
112050
112067
112092
112094
112106
112109
112111
112136
112138
112150
112172
112197
112199
112202
112204
112241
112243
112260
112263
112265
112290
112292
112307
112309
112326
112373
112375
112392
112431
112434
112436
112453
112456
112458
112478
112480
112522
112524
112541
112544
112546
112563
112566
112568
112588
112590
112629
112676
112678
112698
112700
112734
112737
112739
112778
112800
112825
112827
112830
112832
112866
112905
112908
112910
112932
112949
112971
112996
112998
113015
113023
113025
113037
113059
113089
113091
113103
113128
113130
113142
113145
113147
113169
113189
113194
113196
113211
113213
113238
113240
113260
113262
113274
113277
113279
113321
113323
113340
113387
113389
113409
113411
113428
113431
113433
113475
113477
113497
113499
113695
113697
113704
113707
113709
113726
113729
113734
113736
113751
113753
113778
113780
113792
113797
113822
113824
113839
113841
113858
113880
113883
113885
113905
113907
113924
113949
113951
113968
113993
113995
114015
114017
114029
114032
114073
114081
114083
114098
114100
114103
114105
114120
114122
114139
114161
114164
114166
114183
114205
114274
114276
114310
114313
114315
114332
114335
114337
114357
114359
114401
114403
114420
114423
114425
114442
114445
114447
114467
114469
114511
114513
114525
114528
114530
114569
114594
114596
114616
114618
114621
114623
114638
114640
114657
114660
114662
114704
114706
114723
114770
114772
114792
114794
114797
114799
114828
114831
114836
114838
114875
114877
114880
114882
114897
114916
114919
114921
114938
114941
114943
114960
114982
115051
115053
115065
115068
115073
115075
115087
115090
115092
115112
115114
115117
115119
115131
115136
115156
115158
115178
115180
115197
115244
115246
115266
115268
115324
115327
115329
115368
115393
115395
115412
115420
115422
115437
115439
115459
115461
115481
115483
115522
115525
115527
115569
115571
115591
115593
115662
115664
115671
115674
115676
115698
115701
115703
115715
115737
115762
115767
115769
115806
115808
115833
115835
115886
115889
115891
115933
115938
115940
115952
115999
116018
116026
116028
116048
116050
116065
116067
116084
116128
116150
116172
116189
116192
116194
116211
116214
116216
116233
116277
116299
116321
116329
116331
116351
116353
116390
116392
116417
116419
116431
116434
116436
116478
116480
116492
116495
116497
116519
116522
116524
116536
116558
116580
116602
116632
116634
116671
116673
116734
116737
116739
116756
116759
116761
116781
116783
116825
116827
116839
116842
116844
116869
116871
116883
116908
116910
116927
116952
116954
116966
116969
116996
116998
117013
117015
117018
117020
117035
117037
117040
117042
117062
117064
117150
117152
117186
117189
117191
117208
117211
117213
117233
117235
117252
117277
117279
117299
117301
117321
117323
117409
117411
117445
117448
117450
117489
117511
117536
117538
117580
117582
117594
117597
117599
117641
117643
117660
117690
117692
117707
117709
117726
117734
117736
117748
117751
117753
117770
117792
117831
117834
117861
117863
117875
117883
117885
117897
117922
117924
117927
117929
117966
117968
117985
117988
117990
118007
118010
118012
118032
118034
118073
118112
118115
118117
118142
118144
118156
118178
118203
118205
118208
118210
118222
118230
118232
118247
118249
118269
118271
118291
118293
118310
118313
118315
118332
118335
118337
118357
118359
118401
118403
118459
118462
118464
118506
118508
118528
118530
118547
118550
118552
118569
118572
118574
118594
118596
118638
118640
118770
118772
118792
118794
118806
118809
118811
118828
118831
118833
118853
118855
118872
118894
118919
118921
118963
118965
118977
118980
118982
118999
119002
119004
119021
119043
119095
119097
119109
119156
119158
119178
119180
119197
119200
119202
119214
119217
119219
119244
119246
119261
119263
119283
119285
119310
119312
119354
119356
119368
119371
119373
119390
119393
119395
119412
119434
119456
119525
119527
119539
119542
119544
119561
119564
119566
119586
119588
119630
119632
119649
119652
119654
119679
119681
119693
119715
119740
119742
119781
119798
119801
119803
119828
119830
119842
119867
119869
119889
119891
119894
119896
119911
119913
119952
119955
119957
119996
120018
120035
120038
120040
120057
120060
120062
120082
120084
120101
120126
120128
120148
120150
120170
120172
120233
120236
120238
120280
120282
120302
120304
120316
120319
120321
120363
120365
120382
120404
120407
120409
120429
120431
120473
120475
120500
120502
120531
120534
120539
120541
120578
120580
120583
120585
120597
120602
120627
120629
120644
120646
120663
120685
120688
120690
120710
120712
120729
120754
120756
120773
120798
120800
120820
120822
120839
120878
120881
120883
120908
120910
120925
120927
120944
120966
120969
120971
120991
120993
121010
121035
121037
121057
121059
121079
121081
121115
121118
121120
121162
121164
121184
121186
121211
121213
121255
121257
121291
121294
121296
121313
121316
121318
121338
121340
121357
121382
121384
121404
121406
121426
121428
121462
121465
121467
121506
121531
121533
121550
121575
121577
121589
121592
121619
121621
121636
121638
121641
121643
121658
121660
121663
121665
121685
121687
121729
121731
121787
121790
121792
121831
121856
121858
121870
121873
121875
121900
121902
121917
121919
121939
121941
121966
121968
121980
121983
121985
122010
122012
122024
122046
122071
122073
122112
122159
122161
122181
122183
122217
122220
122222
122261
122286
122288
122305
122313
122315
122330
122332
122352
122354
122374
122376
122415
122418
122420
122462
122464
122476
122479
122481
122523
122525
122545
122547
122564
122567
122569
122586
122589
122591
122611
122613
122652
122699
122701
122704
122706
122721
122723
122740
122743
122745
122779
122782
122784
122806
122823
122845
122870
122872
122914
122916
122928
122931
122933
122975
122980
122982
122994
123038
123043
123063
123065
123068
123070
123085
123087
123107
123109
123170
123173
123175
123217
123219
123239
123241
123407
123410
123412
123454
123456
123476
123478
123683
123686
123688
123718
123720
123730
123732
123752
123757
123759
123771
123774
123776
123801
123803
123818
123823
123825
123837
123884
123886
123903
123925
123928
123930
123950
123952
123991
124038
124040
124052
124055
124099
124101
124104
124106
124118
124126
124128
124148
124150
124165
124167
124184
124192
124194
124206
124209
124211
124231
124233
124250
124275
124277
124294
124319
124321
124333
124336
124338
124355
124358
124360
124380
124382
124399
124424
124426
124443
124468
124470
124487
124512
124514
124531
124556
124558
124578
124580
124600
124602
124636
124639
124641
124666
124668
124680
124705
124707
124727
124729
124732
124734
124749
124751
124834
124837
124839
124864
124866
124881
124883
124895
124898
124942
124944
124947
124949
124961
124966
125008
125010
125030
125032
125049
125052
125054
125071
125074
125076
125096
125098
125137
125184
125186
125198
125201
125245
125247
125250
125252
125264
125272
125274
125294
125296
125308
125330
125352
125374
125396
125413
125416
125418
125435
125438
125440
125457
125526
125528
125531
125533
125545
125548
125550
125589
125611
125636
125638
125680
125682
125694
125697
125699
125716
125719
125721
125738
125782
125804
125812
125814
125829
125831
125834
125836
125848
125856
125858
125873
125875
125892
125914
125936
125958
126027
126029
126063
126066
126068
126085
126088
126090
126107
126151
126173
126195
126234
126237
126239
126256
126259
126261
126281
126283
126300
126325
126327
126347
126349
126366
126413
126415
126435
126437
126471
126474
126476
126493
126496
126498
126515
126537
126567
126569
126603
126611
126613
126633
126635
126647
126655
126657
126672
126674
126691
126713
126730
126733
126757
126777
126779
126799
126801
126840
126843
126845
126870
126872
126884
126909
126911
126928
126950
126975
126977
126994
127019
127021
127033
127036
127038
127063
127065
127077
127099
127121
127129
127131
127143
127151
127153
127187
127195
127197
127209
127234
127236
127253
127278
127280
127297
127322
127324
127344
127346
127366
127368
127446
127449
127451
127490
127515
127517
127529
127532
127559
127561
127573
127581
127583
127598
127600
127603
127605
127620
127622
127625
127627
127642
127644
127727
127730
127732
127774
127776
127796
127798
127920
127923
127925
127942
127945
127947
127964
128033
128035
128060
128062
128096
128099
128101
128143
128145
128157
128160
128179
128182
128184
128201
128209
128211
128231
128233
128253
128255
128267
128289
128292
128294
128311
128355
128380
128382
128394
128397
128424
128426
128438
128446
128448
128463
128465
128468
128470
128485
128487
128490
128492
128507
128509
128578
128580
128600
128602
128614
128617
128619
128636
128639
128641
128661
128663
128680
128702
128727
128729
128771
128773
128785
128788
128790
128815
128817
128832
128834
128854
128856
128939
128942
128944
128969
128971
128986
128988
129005
129071
129096
129098
129110
129113
129115
129132
129135
129137
129154
129198
129223
129225
129237
129240
129267
129269
129281
129289
129291
129303
129308
129328
129330
129333
129335
129355
129357
129372
129374
129399
129401
129457
129460
129462
129501
129526
129528
129540
129543
129545
129570
129572
129587
129589
129609
129611
129636
129638
129694
129697
129699
129741
129743
129763
129765
129777
129780
129782
129824
129826
129846
129848
129873
129875
129917
129919
129953
129956
129958
129983
129985
130000
130002
130022
130024
130085
130088
130090
130110
130112
130132
130134
130168
130171
130173
130215
130217
130234
130281
130283
130303
130305
130322
130325
130327
130369
130371
130391
130393
130449
130452
130454
130493
130518
130520
130532
130535
130537
130562
130564
130576
130601
130603
130623
130625
130628
130630
130645
130647
130708
130711
130713
130755
130757
130777
130779
130804
130806
130835
130838
130843
130845
130882
130884
130887
130889
130904
130923
130926
130928
130945
130948
130950
130967
130989
131041
131043
131058
131060
131085
131087
131121
131124
131126
131168
131170
131187
131234
131236
131256
131258
131292
131295
131297
131314
131317
131319
131336
131380
131405
131407
131419
131422
131449
131451
131463
131471
131473
131488
131490
131493
131495
131510
131512
131532
131534
131551
131554
131556
131598
131600
131620
131622
131678
131681
131683
131700
131703
131705
131725
131727
131766
131788
131791
131793
131810
131832
131901
131903
131928
131930
131964
131967
131969
131981
131984
131986
132011
132013
132025
132030
132047
132069
132099
132101
132113
132130
132133
132152
132155
132157
132177
132179
132204
132206
132221
132223
132248
132250
132267
132292
132294
132314
132316
132372
132375
132377
132394
132397
132399
132416
132433
132436
132455
132458
132460
132480
132482
132507
132509
132521
132551
132553
132565
132573
132575
132590
132592
132595
132597
132612
132614
132617
132619
132634
132636
132675
132678
132680
132697
132700
132702
132719
132788
