1
2
3
6
9
10
11
12
34
35
37
59
60
62
86
89
90
91
92
115
118
146
168
169
171
196
199
200
201
224
227
255
277
278
280
305
308
309
310
333
336
364
386
387
389
420
442
443
445
469
472
495
498
499
500
501
578
581
605
608
609
610
687
690
691
742
745
746
769
772
796
799
800
851
852
854
882
905
908
909
910
991
1042
1045
1046
1069
1072
1073
1096
1099
1100
1178
1181
1182
1205
1208
1209
1210
1233
1236
1237
1260
1263
1264
1287
1290
1291
1342
1345
1346
1369
1372
1373
1396
1399
1400
1478
1481
1482
1614
1617
1618
1619
1669
1672
1673
1750
1753
1754
1755
1805
1808
1809
1837
1860
1863
1864
1887
1890
1891
1919
1942
1945
1946
1969
1972
1973
1996
1999
2000
2028
2105
2108
2109
2137
2160
2163
2164
2246
2296
2299
2300
2351
2354
2355
2405
2408
2409
2410
2433
2436
2437
2514
2517
2518
2519
2542
2545
2546
2596
2599
2600
2678
2681
2682
2705
2708
2709
2710
2733
2736
2737
2760
2763
2764
2814
2817
2818
2819
2869
2872
2873
2896
2899
2900
2951
2954
2955
3010
3033
3036
3037
3060
3063
3064
3087
3090
3091
3142
3145
3146
3196
3199
3200
3251
3254
3255
3278
3281
3282
3310
3333
3336
3337
3360
3363
3364
3392
3415
3418
3419
3469
3472
3473
3501
3524
3527
3528
3551
3554
3555
3665
3688
3691
3742
3745
3746
3774
3797
3800
3801
3851
3854
3855
3933
3936
3937
3965
3988
3991
3992
4015
4018
4019
4042
4045
4046
4097
4100
4101
4124
4127
4128
4151
4154
4155
4206
4209
4210
4265
4288
4291
4292
4315
4318
4319
4342
4345
4346
4397
4400
4401
4451
4454
4455
4533
4536
4537
4565
4588
4591
4592
4615
4618
4619
4669
4672
4673
4674
4724
4727
4728
4756
4779
4782
4783
4806
4809
4810
4860
4863
4864
4865
4888
4891
4892
4915
4918
4919
4942
4945
4946
4997
5000
5001
5051
5054
5055
5106
5109
5110
5133
5136
5137
5165
5215
5218
5219
5247
5270
5273
5274
5324
5327
5328
5356
5379
5382
5383
5406
5409
5410
5542
5545
5546
5597
5600
5601
5624
5627
5628
5679
5682
5683
5788
5791
5792
5842
5845
5846
5847
5870
5873
5874
5897
5900
5901
5924
5927
5928
6033
6036
6037
6115
6118
6119
6142
6145
6146
6147
6170
6173
6174
6197
6200
6201
6251
6254
6255
6256
6306
6309
6310
6502
6524
6525
6527
6579
6582
6583
6633
6636
6637
6688
6691
6692
6720
6743
6746
6884
6906
6907
6909
6934
6937
6938
6961
6964
6965
6993
7016
7019
7129
7316
7319
7320
7343
7346
7347
7402
7484
7507
7510
7511
7534
7537
7538
7588
7591
7592
7697
7700
7701
7702
7725
7728
7729
7779
7782
7783
7834
7837
7838
7861
7864
7865
7888
7891
7892
7916
7919
7920
7970
7973
7974
8002
8025
8028
8029
8052
8055
8056
8079
8082
8083
8134
8137
8138
8193
8216
8219
8220
8243
8246
8247
8352
8355
8356
8379
8382
8383
8434
8437
8438
8488
8491
8492
8493
8516
8519
8520
8543
8546
8547
8597
8600
8601
8602
8652
8655
8656
8684
8707
8710
8711
8734
8737
8738
8761
8764
8765
8870
8873
8874
8925
8928
8929
8979
8982
8983
9034
9037
9038
9061
9064
9065
9093
9143
9146
9147
9361
9364
9365
9388
9391
9392
9393
9416
9419
9420
9443
9446
9447
9525
9528
9529
9552
9555
9556
9666
9688
9689
9691
9770
9773
9774
9825
9828
9829
9884
9907
9910
9911
9934
9937
9938
9966
9989
9992
9993
10016
10019
10020
10043
10046
10047
10075
10157
10180
10183
10239
10262
10265
10316
10319
10320
10348
10371
10374
10375
10425
10428
10429
10507
10510
10511
10534
10537
10538
10589
10592
10593
10616
10619
10620
10643
10646
10647
10648
10780
10783
10784
10943
10946
10947
10948
10971
10974
10975
10998
11001
11002
11080
11083
11084
11107
11110
11111
11134
11137
11138
11216
11219
11220
11243
11246
11247
11248
11271
11274
11275
11298
11301
11302
11325
11328
11329
11380
11383
11384
11434
11437
11438
11516
11519
11520
11680
11683
11684
11734
11737
11738
11816
11819
11820
11843
11846
11847
11848
11871
11874
11875
11898
11901
11902
11925
11928
11929
12116
12119
12120
12280
12283
12284
12334
12337
12338
12552
12555
12556
12557
12580
12583
12584
12607
12610
12611
12634
12637
12638
12716
12719
12720
12912
12934
12935
12937
12989
12992
12993
13048
13071
13074
13075
13098
13101
13102
13130
13153
13156
13157
13180
13183
13184
13207
13210
13211
13294
13316
13317
13319
13344
13347
13348
13371
13374
13375
13403
13426
13429
13480
13483
13484
13562
13565
13566
13726
13729
13730
13753
13756
13757
13812
13889
13892
13893
13894
13917
13920
13921
13944
13947
13948
13971
13974
13975
14085
14108
14111
14112
14135
14138
14139
14244
14247
14248
14271
14274
14275
14303
14353
14356
14357
14489
14492
14493
14494
14544
14547
14548
14576
14599
14602
14603
14626
14629
14630
14653
14656
14657
14685
14708
14711
14712
14876
14899
14902
14903
14985
15035
15038
15039
15117
15120
15121
15258
15280
15281
15283
15308
15311
15312
15362
15365
15366
15417
15420
15421
15444
15447
15448
15553
15556
15557
15667
15744
15747
15748
15776
15799
15802
15803
15826
15829
15830
15858
15881
15884
15885
15908
15911
15912
15935
15938
15939
16049
16072
16075
16076
16153
16156
16157
16158
16181
16184
16185
16235
16238
16239
16290
16293
16294
16344
16347
16348
16349
16372
16375
16376
16399
16402
16403
16426
16429
16430
16481
16484
16485
16540
16563
16566
16567
16617
16620
16621
16649
16672
16675
16676
16699
16702
16703
16781
16784
16785
16813
16836
16839
16922
16944
16945
16947
16972
16975
16976
17081
17084
17085
17217
17220
17221
17245
17248
17249
17272
17275
17276
17299
17302
17303
17331
17408
17411
17412
17440
17463
17466
17467
17490
17493
17494
17681
17684
17685
17713
17736
17739
17740
17817
17820
17821
17822
17845
17848
17849
17899
17902
17903
18117
18120
18121
18122
18172
18175
18176
18199
18202
18203
18254
18257
18258
18313
18336
18339
18340
18363
18366
18367
18390
18393
18394
18504
18527
18530
18531
18613
18636
18639
18640
18663
18666
18667
18745
18748
18749
18799
18802
18803
18936
18939
18940
19017
19020
19021
19022
19072
19075
19076
19104
19127
19130
19131
19154
19157
19158
19208
19211
19212
19213
19236
19239
19240
19263
19266
19267
19290
19293
19294
19372
19375
19376
19399
19402
19403
19454
19457
19458
19481
19484
19485
19513
19563
19566
19567
19595
19618
19621
19622
19672
19675
19676
19704
19727
19730
19731
19754
19757
19758
19781
19784
19785
19890
19893
19894
19945
19948
19949
19972
19975
19976
20027
20030
20031
20136
20139
20140
20359
20382
20385
20468
20491
20494
20495
20518
20521
20522
20545
20548
20549
20741
20763
20764
20766
20791
20794
20795
20818
20821
20822
20850
20873
20876
20877
20927
20930
20931
20959
20982
20985
20986
21009
21012
21013
21036
21039
21040
21173
21176
21177
21200
21203
21204
21259
21309
21312
21313
21336
21339
21340
21341
21364
21367
21368
21418
21421
21422
21554
21557
21558
21559
21582
21585
21586
21636
21639
21640
21691
21694
21695
21718
21721
21722
21773
21776
21777
21991
21994
21995
22050
22073
22076
22077
22100
22103
22104
22132
22155
22158
22159
22182
22185
22186
22236
22239
22240
22345
22348
22349
22350
22373
22376
22377
22400
22403
22404
22432
22455
22458
22459
22509
22512
22513
22564
22567
22568
22618
22621
22622
22782
22785
22786
22836
22839
22840
22864
22867
22868
22923
22946
22949
22950
22973
22976
22977
23027
23030
23031
23032
23055
23058
23059
23082
23085
23086
23109
23112
23113
23218
23221
23222
23300
23303
23304
23332
23382
23385
23386
23414
23437
23440
23441
23491
23494
23495
23523
23546
23549
23550
23573
23576
23577
23600
23603
23604
23709
23712
23713
23764
23767
23768
23791
23794
23795
23846
23849
23850
23955
23958
23959
24009
24012
24013
24014
24037
24040
24041
24064
24067
24068
24091
24094
24095
24200
24203
24204
24282
24285
24286
24391
24394
24395
24446
24449
24450
24500
24503
24504
24609
24612
24613
24614
24637
24640
24641
24664
24667
24668
24691
24694
24695
24882
24885
24886
24909
24912
24913
24914
24937
24940
24941
24964
24967
24968
24991
24994
24995
25046
25049
25050
25100
25103
25104
25296
25319
25322
25323
25373
25376
25377
25405
25428
25431
25432
25455
25458
25459
25569
25591
25592
25594
25673
25676
25677
25700
25703
25704
25705
25755
25758
25759
25787
25810
25813
25814
25864
25867
25868
26001
26004
26005
26028
26031
26032
26055
26058
26059
26137
26140
26141
26164
26167
26168
26196
26246
26249
26250
26273
26276
26277
26278
26301
26304
26305
26328
26331
26332
26355
26358
26359
26437
26440
26441
26573
26576
26577
26578
26601
26604
26605
26710
26713
26714
26764
26767
26768
26960
26983
26986
26987
27037
27040
27041
27069
27092
27095
27096
27119
27122
27123
27151
27174
27177
27178
27201
27204
27205
27228
27231
27232
27233
27256
27259
27337
27340
27341
27392
27395
27396
27446
27449
27450
27501
27504
27505
27583
27586
27587
27665
27668
27669
27692
27695
27696
27719
27722
27723
27828
27831
27832
27937
27940
27941
28019
28022
28023
28046
28049
28050
28051
28074
28077
28078
28128
28131
28132
28483
28486
28487
28542
28565
28568
28569
28592
28595
28596
28619
28622
28623
28837
28840
28841
28842
28865
28868
28869
28892
28895
28896
28924
28947
28950
28951
29001
29004
29005
29197
29219
29220
29222
29274
29277
29278
29306
29329
29332
29356
29359
29360
29606
29688
29711
29714
29738
29741
29742
29765
29768
29769
29797
29820
29823
29824
29847
29850
29851
29874
29877
29878
30038
30041
30042
30065
30068
30069
30070
30093
30096
30097
30229
30232
30233
30392
30395
30396
30397
30420
30423
30424
30447
30450
30451
30479
30529
30532
30533
30556
30559
30560
30588
30611
30614
30615
30638
30641
30642
30779
30802
30805
30806
30856
30859
30860
30888
30965
30968
30969
31020
31023
31024
31074
31077
31078
31079
31102
31105
31106
31129
31132
31133
31156
31159
31160
31211
31214
31215
31320
31323
31324
31347
31350
31351
31374
31377
31378
31379
31402
31405
31406
31429
31432
31433
31483
31486
31487
31488
31538
31541
31542
31647
31650
31651
31674
31677
31678
31679
31702
31705
31706
31729
31732
31733
31811
31814
31815
31865
31868
31869
31920
31923
31924
31947
31950
31951
31979
32002
32005
32006
32029
32032
32033
32056
32059
32060
32111
32114
32115
32165
32168
32169
32247
32250
32251
32274
32277
32278
32279
32302
32305
32306
32329
32332
32333
32411
32414
32415
32547
32550
32551
32711
32714
32715
32743
32766
32769
32934
32957
32960
32961
32984
32987
32988
33011
33014
33015
33043
33066
33069
33070
33093
33096
33097
33120
33123
33124
33175
33178
33179
33202
33205
33206
33229
33232
33233
33366
33369
33370
33420
33423
33424
33475
33478
33479
33529
33532
33533
33534
33557
33560
33561
33584
33587
33588
33725
33748
33751
33752
33775
33778
33779
33829
33832
33833
33834
33857
33860
33861
33884
33887
33888
33966
33969
33970
34020
34023
34024
34129
34132
34133
34134
34184
34187
34188
34266
34269
34270
34320
34323
34324
34402
34405
34406
34429
34432
34433
34434
34457
34460
34461
34484
34487
34488
34511
34514
34515
34566
34569
34570
34593
34596
34597
34625
34648
34651
34652
34675
34678
34679
34866
34869
34870
34920
34923
34924
35002
35005
35006
35057
35060
35061
35111
35114
35115
35116
35139
35142
35143
35166
35169
35170
35193
35196
35197
35302
35305
35306
35416
35439
35442
35443
35466
35469
35470
35520
35523
35524
35525
35575
35578
35579
35711
35714
35715
35716
35739
35742
35743
35766
35769
35770
35793
35796
35797
35848
35851
35852
35902
35905
35906
35957
35960
35961
35984
35987
35988
36016
36039
36042
36043
36066
36069
36070
36098
36121
36124
36125
36175
36178
36179
36207
36230
36233
36234
36257
36260
36261
36371
36394
36397
36448
36451
36452
36480
36503
36506
36507
36557
36560
36561
36639
36642
36643
36803
36806
36807
36830
36833
36834
36857
36860
36861
36912
36915
36916
36966
36969
36970
36971
36994
36997
36998
37021
37024
37025
37048
37051
37052
37162
37185
37188
37189
37212
37215
37216
37271
37294
37297
37298
37321
37324
37325
37403
37406
37407
37457
37460
37461
37594
37597
37598
37648
37651
37652
37703
37706
37707
37757
37760
37761
37762
37785
37788
37789
37812
37815
37816
37866
37869
37870
37871
37894
37897
37898
37921
37924
37925
37948
37951
37952
38030
38033
38034
38057
38060
38061
38062
38085
38088
38089
38112
38115
38116
38194
38197
38198
38248
38251
38252
38303
38306
38307
38357
38360
38361
38494
38497
38498
38548
38551
38552
38630
38633
38634
38657
38660
38661
38662
38685
38688
38689
38712
38715
38716
38853
38876
38879
38880
38903
38906
38907
39094
39097
39098
39148
39151
39152
39235
39258
39261
39262
39312
39315
39316
39426
39449
39452
39453
39476
39479
39480
39503
39506
39507
39535
39558
39561
39562
39585
39588
39589
39612
39615
39616
39644
39694
39697
39698
39721
39724
39725
39726
39749
39752
39753
39776
39779
39780
39803
39806
39807
39858
39861
39862
39912
39915
39916
39917
39940
39943
39944
39994
39997
39998
40076
40079
40080
40103
40106
40107
40158
40161
40162
40212
40215
40216
40294
40297
40298
40349
40352
40353
40512
40515
40516
40517
40540
40543
40544
40567
40570
40571
40708
40731
40734
40735
40758
40761
40762
40812
40815
40816
40817
40840
40843
40844
40867
40870
40871
40894
40897
40898
40949
40952
40953
41003
41006
41007
41112
41115
41116
41117
41167
41170
41171
41249
41252
41253
41303
41306
41307
41385
41388
41389
41412
41415
41416
41417
41440
41443
41444
41467
41470
41471
41549
41552
41553
41576
41579
41580
41608
41631
41634
41635
41658
41661
41662
41849
41852
41853
41881
41904
41907
42040
42043
42044
42072
42095
42098
42099
42122
42125
42126
42149
42152
42153
42263
42286
42289
42290
42367
42370
42371
42372
42395
42398
42399
42422
42425
42426
42449
42452
42453
42504
42507
42508
42558
42561
42562
42695
42698
42699
42776
42779
42780
42781
42831
42834
42835
42940
42943
42944
42967
42970
42971
42972
42995
42998
42999
43022
43025
43026
43049
43052
43053
43131
43134
43135
43158
43161
43162
43213
43216
43217
43240
43243
43244
43272
43295
43298
43299
43322
43325
43326
43349
43352
43353
43404
43407
43408
43458
43461
43462
43567
43570
43571
43572
43595
43598
43599
43622
43625
43626
43704
43707
43708
43758
43761
43762
43763
43786
43789
43790
43813
43816
43817
44004
44007
44008
44063
44086
44089
44090
44113
44116
44117
44145
44168
44171
44172
44222
44225
44226
44254
44277
44280
44281
44304
44307
44308
44331
44334
44335
44336
44359
44362
44363
44386
44389
44390
44413
44416
44417
44495
44498
44499
44527
44550
44553
44554
44604
44607
44608
44686
44689
44690
44768
44771
44772
44822
44825
44826
44931
44934
44935
44936
44986
44989
44990
45013
45016
45017
45122
45125
45126
45127
45150
45153
45154
45177
45180
45181
45231
45234
45235
45236
45259
45262
45263
45286
45289
45290
45313
45316
45317
45368
45371
45372
45395
45398
45399
45427
45450
45453
45454
45477
45480
45481
45504
45507
45508
45559
45562
45563
45613
45616
45617
45668
45671
45672
45722
45725
45726
45804
45807
45808
45859
45862
45863
45913
45916
45917
45918
45941
45944
45945
45968
45971
45972
46104
46107
46108
46218
46241
46244
46245
46268
46271
46272
46350
46353
46354
46404
46407
46408
46513
46516
46517
46518
46541
46544
46545
46568
46571
46572
46595
46598
46599
46650
46653
46654
46704
46707
46708
46709
46732
46735
46736
46759
46762
46763
46895
46898
46899
46950
46953
46954
47009
47032
47035
47036
47059
47062
47063
47113
47116
47117
47118
47168
47171
47172
47304
47307
47308
47309
47332
47335
47336
47359
47362
47363
47441
47444
47445
47495
47498
47499
47550
47553
47554
47577
47580
47581
47609
47632
47635
47636
47659
47662
47663
47686
47689
47690
47741
47744
47745
47800
47823
47826
47827
47850
47853
47854
47882
47905
47908
47909
47932
47935
47936
47959
47962
47963
47991
48014
48017
48018
48068
48071
48072
48177
48180
48181
48232
48235
48236
48286
48289
48290
48291
48341
48344
48345
48373
48396
48399
48400
48450
48453
48454
48668
48671
48672
48723
48726
48727
48750
48753
48754
48782
48832
48835
48836
48859
48862
48863
48968
48971
48972
48973
48996
48999
49000
49023
49026
49027
49050
49053
49054
49164
49187
49190
49191
49405
49408
49409
49459
49462
49463
49596
49599
49600
49737
49760
49763
49764
49787
49790
49791
49814
49817
49818
49846
49869
49872
49873
49896
49899
49900
49923
49926
49927
49955
49978
49981
49982
50005
50008
50009
50037
50060
50063
50064
50087
50090
50091
50114
50117
50118
50169
50172
50173
50223
50226
50227
50228
50251
50254
50255
50305
50308
50309
50387
50390
50391
50469
50472
50473
50523
50526
50527
50528
50551
50554
50555
50578
50581
50582
50632
50635
50636
50637
50687
50690
50691
50714
50717
50718
50905
50908
50909
50960
50963
50964
51014
51017
51018
51069
51072
51073
51096
51099
51100
51128
51151
51154
51155
51178
51181
51182
51205
51208
51209
51396
51399
51400
51505
51508
51509
51560
51563
51564
51614
51617
51618
51619
51642
51645
51646
51669
51672
51673
51696
51699
51700
51996
51999
52000
52051
52054
52055
52105
52108
52109
52214
52217
52218
52219
52242
52245
52246
52269
52272
52273
52296
52299
52300
52487
52490
52491
52651
52654
52655
52683
52706
52709
52787
52790
52791
52896
52899
52900
52901
52924
52927
52928
52951
52954
52955
52978
52981
52982
53087
53090
53091
53092
53333
53336
53337
53387
53390
53391
53524
53527
53528
53551
53554
53555
53578
53581
53582
53687
53690
53691
53692
53715
53718
53719
53742
53745
53746
53883
53906
53909
53910
53933
53936
53937
54124
54127
54128
54178
54181
54182
54265
54288
54291
54292
54342
54345
54346
54456
54479
54482
54483
54506
54509
54510
54533
54536
54537
54565
54588
54591
54592
54615
54618
54619
54642
54645
54646
54674
54724
54727
54728
54751
54754
54755
54756
54779
54782
54783
54806
54809
54810
54833
54836
54837
54888
54891
54892
54942
54945
54946
54947
54970
54973
54974
55024
55027
55028
55106
55109
55110
55133
55136
55137
55188
55191
55192
55242
55245
55246
55324
55327
55328
55351
55354
55355
55356
55406
55409
55410
55433
55436
55437
55542
55545
55546
55547
55570
55573
55574
55597
55600
55601
55788
55791
55792
55815
55818
55819
55847
55870
55873
55874
55897
55900
55901
55924
55927
55928
55979
55982
55983
56033
56036
56037
56224
56227
56228
56229
56252
56255
56256
56306
56309
56310
56415
56418
56419
56529
56552
56555
56556
56579
56582
56583
56606
56609
56610
56661
56664
56665
56720
56743
56746
56747
56770
56773
56774
56797
56800
56801
56911
56934
56937
56938
56988
56991
56992
57097
57100
57101
57152
57155
57156
57206
57209
57210
57211
57234
57237
57238
57261
57264
57265
57288
57291
57292
57343
57346
57347
57588
57591
57592
57615
57618
57619
57620
57670
57673
57674
57779
57782
57783
57806
57809
57810
57811
57834
57837
57838
57861
57864
57865
57888
57891
57892
58002
58025
58028
58029
58111
58134
58137
58138
58161
58164
58165
58188
58191
58192
58243
58246
58247
58297
58300
58301
58406
58409
58410
58411
58461
58464
58465
58488
58491
58492
58543
58546
58547
58597
58600
58601
58602
58625
58628
58629
58652
58655
58656
58843
58846
58847
58870
58873
58874
58902
58925
58928
58929
58952
58955
58956
59034
59037
59038
59066
59089
59092
59170
59173
59174
59175
59198
59201
59202
59225
59228
59229
59252
59255
59256
59334
59337
59338
59470
59473
59474
59475
59607
59610
59611
59661
59664
59665
59879
59882
59883
59884
60043
60046
60047
60070
60073
60074
60075
60098
60101
60102
60125
60128
60129
60266
60289
60292
60293
60370
60373
60374
60507
60510
60511
60566
60589
60592
60593
60616
60619
60620
60643
60646
60647
60698
60701
60702
60757
60780
60783
60784
60807
60810
60811
60834
60837
60838
60866
60889
60892
60893
60916
60919
60920
60998
61001
61002
61030
61053
61056
61057
61080
61083
61084
61107
61110
61111
61139
61162
61165
61166
61216
61219
61220
61298
61301
61302
61330
61353
61356
61357
61380
61383
61384
61407
61410
61411
61462
61465
61466
61516
61519
61520
61571
61574
61575
61630
61653
61656
61657
61680
61683
61684
61707
61710
61711
61762
61765
61766
61816
61819
61820
61898
61901
61902
61925
61928
61929
61930
61953
61956
61957
61980
61983
61984
62034
62037
62038
62039
62089
62092
62093
62198
62201
62202
62225
62228
62229
62230
62253
62256
62257
62280
62283
62284
62307
62310
62311
62362
62365
62366
62416
62419
62420
62471
62474
62475
62498
62501
62502
62530
62553
62556
62557
62580
62583
62584
62607
62610
62611
62662
62665
62666
62716
62719
62720
62798
62801
62802
62907
62910
62911
62962
62965
62966
63098
63101
63102
63212
63235
63238
63239
63262
63265
63266
63289
63292
63293
63398
63401
63402
63594
63617
63620
63621
63671
63674
63675
63894
63917
63920
63921
63944
63947
63948
63971
63974
63975
64026
64029
64030
64326
64329
64330
64380
64383
64384
64385
64408
64411
64412
64435
64438
64439
64489
64492
64493
64494
64517
64520
64521
64544
64547
64548
64571
64574
64575
64762
64765
64766
64789
64792
64793
64794
64844
64847
64848
64926
64929
64930
64980
64983
64984
65089
65092
65093
65094
65117
65120
65121
65144
65147
65148
65171
65174
65175
65226
65229
65230
65253
65256
65257
65285
65308
65311
65312
65335
65338
65339
65526
65529
65530
65558
65581
65584
65667
65690
65693
65694
65744
65747
65748
65940
65963
65966
65967
66044
66047
66048
66049
66072
66075
66076
66126
66129
66130
66372
66375
66376
66431
66454
66457
66458
66508
66511
66512
66644
66647
66648
66649
66672
66675
66676
66699
66702
66703
66726
66729
66730
66808
66811
66812
66835
66838
66839
66863
66866
66867
67031
67054
67057
67058
67108
67111
67112
67140
67163
67166
67167
67190
67193
67194
67217
67220
67221
67299
67302
67303
67326
67329
67330
67413
67435
67436
67438
67463
67466
67467
67517
67520
67521
67572
67575
67576
67845
67848
67849
67872
67875
67876
67931
67954
67957
67958
67981
67984
67985
68013
68036
68039
68040
68063
68066
68067
68090
68093
68094
68281
68284
68285
68363
68366
68367
68395
68418
68421
68422
68472
68475
68476
68608
68611
68612
68613
68636
68639
68640
68663
68666
68667
68690
68693
68694
68799
68802
68803
68804
68854
68857
68858
68881
68884
68885
68995
69018
69021
69022
69072
69075
69076
69104
69127
69130
69131
69154
69157
69158
69181
69184
69185
69236
69239
69240
69263
69266
69267
69295
69318
69321
69322
69345
69348
69349
69372
69375
69376
69427
69430
69431
69536
69539
69540
69590
69593
69594
69595
69618
69621
69622
69645
69648
69649
69727
69730
69731
69781
69784
69785
69786
69809
69812
69813
69836
69839
69840
69890
69893
69894
69895
69918
69921
69922
69945
69948
69949
70027
70030
70031
70081
70084
70085
70163
70166
70167
70190
70193
70194
70195
70245
70248
70249
70327
70330
70331
70381
70384
70385
70463
70466
70467
70627
70630
70631
70654
70657
70658
70686
70709
70712
70713
70736
70739
70740
70768
70791
70794
70795
70818
70821
70822
70845
70848
70849
70877
70900
70903
70904
70927
70930
70931
70954
70957
70958
71063
71066
71067
71068
71091
71094
71095
71145
71148
71149
71200
71203
71204
71254
71257
71258
71259
71282
71285
71286
71336
71339
71340
71500
71503
71504
71559
71582
71585
71586
71609
71612
71613
71663
71666
71667
71668
71718
71721
71722
71745
71748
71749
71936
71939
71940
71991
71994
71995
72045
72048
72049
72100
72103
72104
72127
72130
72131
72159
72182
72185
72186
72209
72212
72213
72236
72239
72240
72345
72348
72349
72350
72373
72376
72377
72400
72403
72404
72536
72539
72540
72591
72594
72595
72645
72648
72649
72650
72673
72676
72677
72700
72703
72704
72727
72730
72731
72782
72785
72786
72841
72864
72867
72868
72891
72894
72895
72918
72921
72922
73027
73030
73031
73082
73085
73086
73136
73139
73140
73218
73221
73222
73245
73248
73249
73250
73300
73303
73304
73332
73355
73358
73359
73382
73385
73386
73409
73412
73413
73518
73521
73522
73682
73685
73686
73709
73712
73713
73741
73791
73794
73795
74014
74037
74040
74041
74064
74067
74068
74091
74094
74095
74173
74176
74177
74200
74203
74204
74309
74312
74313
74314
74337
74340
74341
74364
74367
74368
74391
74394
74395
74446
74449
74450
74500
74503
74504
74505
74528
74531
74532
74555
74558
74559
74582
74585
74586
74718
74721
74722
74723
74773
74776
74777
74882
74885
74886
74937
74940
74941
74991
74994
74995
75105
75128
75131
75132
75214
75237
75240
75241
75264
75267
75268
75373
75376
75377
75487
75510
75513
75514
75564
75567
75568
75569
75592
75595
75596
75619
75622
75623
75782
75785
75786
75787
75810
75813
75814
75837
75840
75841
75864
75867
75868
75919
75922
75923
76001
76004
76005
76055
76058
76059
76169
76192
76195
76196
76246
76249
76250
76278
76301
76304
76305
76328
76331
76332
76360
76383
76386
76387
76410
76413
76414
76464
76467
76468
76573
76576
76577
76578
76628
76631
76632
76655
76658
76659
76710
76713
76714
76764
76767
76768
76769
76819
76822
76823
77010
77013
77014
77037
77040
77041
77069
77092
77095
77096
77119
77122
77123
77173
77176
77177
77178
77255
77258
77259
77446
77449
77450
77501
77504
77505
77555
77558
77559
77610
77613
77614
77637
77640
77641
77669
77692
77695
77696
77719
77722
77723
77746
77749
77750
77855
77858
77859
77860
77883
77886
77887
77910
77913
77914
78046
78049
78050
78101
78104
78105
78292
78295
78296
78346
78349
78350
78537
78540
78541
78706
78729
78732
78810
78813
78814
78837
78840
78841
78919
78922
78923
79028
79031
79032
79137
79138
79140
79219
79222
79223
79328
79331
79332
79628
79631
79632
79824
79847
79850
79851
79874
79877
79878
79901
79904
79905
80015
80038
80041
80042
80065
80068
80069
80092
80095
80096
80124
80147
80150
80151
80174
80177
80178
80201
80204
80205
80206
80229
80232
80233
80283
80286
80287
80397
80420
80423
80424
80474
80477
80478
80556
80559
80560
80638
80641
80642
80697
80720
80723
80724
80747
80750
80751
80774
80777
80778
80829
80832
80833
80888
80911
80914
80915
80938
80941
80942
80965
80968
80969
81074
81077
81078
81129
81132
81133
81183
81186
81187
81188
81211
81214
81215
81238
81241
81242
81292
81295
81296
81297
81347
81350
81351
81565
81568
81569
81592
81595
81596
81597
81647
81650
81651
81729
81732
81733
81756
81759
81760
81788
81811
81814
81815
81838
81841
81842
81865
81868
81869
81979
82002
82005
82006
82061
82084
82087
82220
82223
82224
82361
82384
82387
82388
82438
82441
82442
82493
82496
82497
82520
82523
82524
82547
82550
82551
82552
82575
82578
82579
82602
82605
82606
82629
82632
82633
82743
82766
82769
82770
82820
82823
82824
82929
82932
82933
82984
82987
82988
83038
83041
83042
83175
83178
83179
83343
83366
83369
83370
83393
83396
83397
83447
83450
83451
83452
83475
83478
83479
83502
83505
83506
83529
83532
83533
83611
83614
83615
83638
83641
83642
83643
83666
83669
83670
83693
83696
83697
83720
83723
83724
83775
83778
83779
83829
83832
83833
83884
83887
83888
83938
83941
83942
84047
84050
84051
84052
84102
84105
84106
84211
84214
84215
84320
84323
84324
84484
84487
84488
84511
84514
84515
84516
84539
84542
84620
84623
84624
84625
84648
84651
84652
84675
84678
84679
84702
84705
84706
84816
84839
84842
84843
84866
84869
84870
84893
84896
84897
84948
84951
84952
84975
84978
84979
85002
85005
85006
85057
85060
85061
85111
85114
85115
85248
85251
85252
85302
85305
85306
85307
85330
85333
85334
85357
85360
85361
85493
85496
85497
85602
85605
85606
85684
85687
85688
85739
85742
85743
85793
85796
85797
86098
86121
86124
86125
86148
86151
86152
86289
86312
86315
86316
86339
86342
86343
86366
86369
86370
86502
86505
86506
86507
86557
86560
86561
86589
86612
86615
86616
86639
86642
86643
86666
86669
86670
86721
86724
86725
86775
86778
86779
86889
86912
86915
86916
86998
87048
87051
87052
87157
87160
87161
87321
87324
87325
87430
87433
87434
87457
87460
87461
87462
87485
87488
87489
87512
87515
87516
87539
87542
87543
87675
87678
87679
87680
87703
87706
87707
87730
87733
87734
87762
87785
87788
87789
87812
87815
87816
87839
87842
87843
87894
87897
87898
87948
87951
87952
88062
88085
88088
88089
88139
88142
88143
88144
88167
88170
88194
88197
88198
88253
88276
88279
88280
88303
88306
88307
88444
88467
88470
88471
88521
88524
88525
88576
88579
88580
88603
88606
88607
88635
88658
88661
88662
88712
88715
88716
88826
88849
88852
88853
88903
88906
88907
89012
89015
89016
89067
89070
89071
89126
89149
89152
89153
89176
89179
89180
89203
89206
89207
89258
89261
89262
89426
89449
89452
89453
89476
89479
89480
89530
89533
89534
89535
89585
89588
89589
89617
89640
89643
89644
89667
89670
89671
89721
89724
89725
89830
89833
89834
89835
89885
89888
89889
89967
89970
89971
89994
89997
89998
90026
90076
90079
90080
90267
90270
90271
90294
90297
90298
90326
90349
90352
90353
90376
90379
90380
90408
90431
90434
90435
90599
90622
90625
90626
90649
90652
90653
90676
90679
90680
90758
90761
90762
90840
90843
90844
90899
90922
90925
90926
90949
90952
90953
90976
90979
90980
91031
91034
91035
91085
91088
91089
91194
91197
91198
91199
91222
91225
91226
91249
91252
91253
91303
91306
91307
91308
91358
91361
91362
91467
91470
91471
91494
91497
91498
91499
91522
91525
91526
91549
91552
91553
91576
91579
91580
91631
91634
91635
91685
91688
91689
91740
91743
91744
91767
91770
91771
91799
91822
91825
91826
91849
91852
91853
91876
91879
91880
91931
91934
91935
91985
91988
91989
92067
92070
92071
92094
92097
92098
92099
92122
92125
92126
92149
92152
92153
92231
92234
92235
92285
92288
92289
92290
92313
92316
92317
92340
92343
92344
92531
92534
92535
92585
92588
92589
92667
92670
92671
92694
92697
92698
92699
92749
92752
92753
92967
92970
92971
93131
93134
93135
93158
93161
93162
93190
93213
93216
93217
93240
93243
93244
93267
93270
93271
93272
93295
93298
93299
93322
93325
93326
93349
93352
93353
93463
93486
93489
93490
93513
93516
93517
93540
93543
93544
93622
93625
93626
93704
93707
93708
93758
93761
93762
93895
93898
93899
93949
93952
93953
93954
93977
93980
93981
94004
94007
94008
94031
94034
94035
94140
94143
94144
94254
94277
94280
94281
94304
94307
94308
94386
94389
94390
94440
94443
94444
94636
94659
94662
94663
94713
94716
94717
94822
94825
94826
94936
94959
94962
94963
94986
94989
94990
95013
95016
95017
95068
95071
95072
95318
95341
95344
95345
95395
95398
95399
95504
95507
95508
95700
95723
95726
95727
95777
95780
95781
95913
95916
95917
95918
95941
95944
95945
95968
95971
95972
95995
95998
95999
96132
96135
96136
96300
96323
96326
96327
96377
96380
96381
96409
96432
96435
96436
96459
96462
96463
96486
96489
96490
96568
96571
96572
96595
96598
96599
96732
96735
96736
96841
96844
96845
96895
96898
96899
96900
96923
