1
11
12
13
14
15
16
17
18
19
20
21
22
24
44
46
47
48
49
50
51
52
53
54
56
80
81
82
83
84
85
86
87
88
89
112
123
147
148
149
150
151
152
153
154
155
178
189
212
222
245
257
279
280
289
312
346
347
348
349
350
351
352
353
354
355
379
424
445
448
449
450
451
452
453
454
455
480
481
482
483
484
485
486
487
488
490
513
547
548
549
550
551
552
553
554
555
556
580
581
582
583
584
585
586
587
588
589
590
614
615
616
617
618
619
620
621
622
657
690
714
715
716
717
718
719
720
721
722
723
757
780
847
848
849
850
851
852
853
854
855
856
857
881
882
883
884
885
886
887
888
889
890
947
948
949
950
951
952
953
954
955
956
957
981
982
983
984
985
986
987
988
989
990
1081
1082
1083
1084
1085
1086
1087
1088
1089
1090
1091
1115
1116
1117
1118
1119
1120
1121
1122
1123
1124
1148
1149
1150
1151
1152
1153
1154
1155
1156
1157
1158
1182
1183
1184
1185
1186
1187
1188
1189
1190
1191
1215
1216
1217
1218
1219
1220
1221
1222
1223
1224
1248
1249
1250
1251
1252
1253
1254
1255
1256
1257
1258
1282
1283
1284
1285
1286
1287
1288
1289
1290
1291
1315
1316
1317
1318
1319
1320
1321
1322
1323
1324
1325
1349
1350
1351
1352
1353
1354
1355
1356
1357
1358
1382
1383
1384
1385
1386
1387
1388
1389
1390
1391
1526
1550
1551
1552
1553
1554
1555
1556
1557
1558
1559
1583
1584
1585
1586
1587
1588
1589
1590
1591
1592
1616
1617
1618
1619
1620
1621
1622
1623
1624
1625
1626
1650
1651
1652
1653
1654
1655
1656
1657
1658
1659
1683
1684
1685
1686
1687
1688
1689
1690
1691
1692
1716
1717
1718
1719
1720
1721
1722
1723
1724
1725
1726
1750
1751
1752
1753
1754
1755
1756
1757
1758
1759
1816
1817
1818
1819
1820
1821
1822
1823
1824
1825
1826
1850
1851
1852
1853
1854
1855
1856
1857
1858
1859
1916
1917
1918
1919
1920
1921
1922
1923
1924
1925
1926
1960
1984
1985
1986
1987
1988
1989
1990
1991
1992
1993
2017
2018
2019
2020
2021
2022
2023
2024
2025
2026
2027
2051
2052
2053
2054
2055
2056
2057
2058
2059
2060
2084
2085
2086
2087
2088
2089
2090
2091
2092
2093
2117
2118
2119
2120
2121
2122
2123
2124
2125
2126
2127
2151
2152
2153
2154
2155
2156
2157
2158
2159
2160
2184
2185
2186
2187
2188
2189
2190
2191
2192
2193
2194
2218
2219
2220
2221
2222
2223
2224
2225
2226
2227
2251
2252
2253
2254
2255
2256
2257
2258
2259
2260
2361
2385
2386
2387
2388
2389
2390
2391
2392
2393
2394
2395
2418
2518
2519
2520
2521
2522
2523
2524
2525
2526
2527
2528
2552
2553
2554
2555
2556
2557
2558
2559
2560
2561
2585
2586
2587
2588
2589
2590
2591
2592
2593
2594
2595
2619
2620
2621
2622
2623
2624
2625
2626
2627
2628
2718
2719
2720
2721
2722
2723
2724
2725
2726
2727
2728
2752
2753
2754
2755
2756
2757
2758
2759
2760
2761
2796
2819
2896
2918
2920
2921
2922
2923
2924
2925
2926
2927
2928
2962
2986
2987
2988
2989
2990
2991
2992
2993
2994
2995
2996
3020
3021
3022
3023
3024
3025
3026
3027
3028
3029
3096
3119
3153
3154
3155
3156
3157
3158
3159
3160
3161
3162
3186
3187
3188
3189
3190
3191
3192
3193
3194
3195
3196
3253
3254
3255
3256
3257
3258
3259
3260
3261
3262
3263
3287
3288
3289
3290
3291
3292
3293
3294
3295
3296
3353
3354
3355
3356
3357
3358
3359
3360
3361
3362
3397
3420
3464
3488
3489
3490
3491
3492
3493
3494
3495
3496
3497
3521
3522
3523
3524
3525
3526
3527
3528
3529
3530
3554
3555
3556
3557
3558
3559
3560
3561
3562
3563
3631
3654
3721
3722
3723
3724
3725
3726
3727
3728
3729
3730
3731
3755
3756
3757
3758
3759
3760
3761
3762
3763
3764
3788
3789
3790
3791
3792
3793
3794
3795
3796
3797
3854
3855
3856
3857
3858
3859
3860
3861
3862
3863
3864
3898
3922
3923
3924
3925
3926
3927
3928
3929
3930
3931
3932
3955
4032
4056
4057
4058
4059
4060
4061
4062
4063
4064
4065
4089
4090
4091
4092
4093
4094
4095
4096
4097
4098
4122
4123
4124
4125
4126
4127
4128
4129
4130
4131
4132
4156
4157
4158
4159
4160
4161
4162
4163
4164
4165
4255
4256
4257
4258
4259
4260
4261
4262
4263
4264
4265
4356
4357
4358
4359
4360
4361
4362
4363
4364
4365
4366
4390
4391
4392
4393
4394
4395
4396
4397
4398
4399
4423
4424
4425
4426
4427
4428
4429
4430
4431
4432
4500
4524
4525
4526
4527
4528
4529
4530
4531
4532
4533
4557
4558
4559
4560
4561
4562
4563
4564
4565
4566
4590
4591
4592
4593
4594
4595
4596
4597
4598
4599
4600
4624
4625
4626
4627
4628
4629
4630
4631
4632
4633
4657
4658
4659
4660
4661
4662
4663
4664
4665
4666
4667
4690
4700
4724
4725
4726
4727
4728
4729
4730
4731
4732
4733
4834
4857
4901
4925
4926
4927
4928
4929
4930
4931
4932
4933
4934
4958
4959
4960
4961
4962
4963
4964
4965
4966
4967
4968
4991
5124
5125
5126
5127
5128
5129
5130
5131
5132
5133
5134
5168
5192
5193
5194
5195
5196
5197
5198
5199
5200
5201
5258
5259
5260
5261
5262
5263
5264
5265
5266
5267
5268
5292
5293
5294
5295
5296
5297
5298
5299
5300
5301
5358
5359
5360
5361
5362
5363
5364
5365
5366
5367
5368
5402
5425
5469
5493
5494
5495
5496
5497
5498
5499
5500
5501
5502
5526
5527
5528
5529
5530
5531
5532
5533
5534
5535
5559
5560
5561
5562
5563
5564
5565
5566
5567
5568
5636
5659
5726
5727
5728
5729
5730
5731
5732
5733
5734
5735
5736
5760
5761
5762
5763
5764
5765
5766
5767
5768
5769
5793
5794
5795
5796
5797
5798
5799
5800
5801
5802
5870
5894
5895
5896
5897
5898
5899
5900
5901
5902
5903
5927
5928
5929
5930
5931
5932
5933
5934
5935
5936
5937
5960
6037
6061
6062
6063
6064
6065
6066
6067
6068
6069
6070
6094
6095
6096
6097
6098
6099
6100
6101
6102
6103
6194
6195
6196
6197
6198
6199
6200
6201
6202
6203
6204
6227
6338
6361
6394
6395
6396
6397
6398
6399
6400
6401
6402
6403
6404
6428
6429
6430
6431
6432
6433
6434
6435
6436
6437
6595
6596
6597
6598
6599
6600
6601
6602
6603
6604
6605
6629
6630
6631
6632
6633
6634
6635
6636
6637
6638
6662
6663
6664
6665
6666
6667
6668
6669
6670
6671
6695
6696
6697
6698
6699
6700
6701
6702
6703
6704
6705
6729
6730
6731
6732
6733
6734
6735
6736
6737
6738
6772
6796
6797
6798
6799
6800
6801
6802
6803
6804
6805
6829
6830
6831
6832
6833
6834
6835
6836
6837
6838
6962
6963
6964
6965
6966
6967
6968
6969
6970
6971
6972
6996
6997
6998
6999
7000
7001
7002
7003
7004
7005
7129
7130
7131
7132
7133
7134
7135
7136
7137
7138
7139
7163
7164
7165
7166
7167
7168
7169
7170
7171
7172
7307
7331
7332
7333
7334
7335
7336
7337
7338
7339
7340
7364
7365
7366
7367
7368
7369
7370
7371
7372
7373
7397
7398
7399
7400
7401
7402
7403
7404
7405
7406
7564
7565
7566
7567
7568
7569
7570
7571
7572
7573
7675
7699
7700
7701
7702
7703
7704
7705
7706
7707
7708
7732
7733
7734
7735
7736
7737
7738
7739
7740
7741
7765
7766
7767
7768
7769
7770
7771
7772
7773
7774
7831
7832
7833
7834
7835
7836
7837
7838
7839
7840
7841
7865
7866
7867
7868
7869
7870
7871
7872
7873
7874
7898
7899
7900
7901
7902
7903
7904
7905
7906
7907
7908
7931
7965
7966
7967
7968
7969
7970
7971
7972
7973
7974
8042
8066
8067
8068
8069
8070
8071
8072
8073
8074
8075
8132
8133
8134
8135
8136
8137
8138
8139
8140
8141
8142
8166
8167
8168
8169
8170
8171
8172
8173
8174
8175
8199
8200
8201
8202
8203
8204
8205
8206
8207
8208
8209
8232
8299
8300
8301
8302
8303
8304
8305
8306
8307
8308
8309
8333
8334
8335
8336
8337
8338
8339
8340
8341
8342
8366
8367
8368
8369
8370
8371
8372
8373
8374
8375
8499
8500
8501
8502
8503
8504
8505
8506
8507
8508
8509
8533
8534
8535
8536
8537
8538
8539
8540
8541
8542
8633
8634
8635
8636
8637
8638
8639
8640
8641
8642
8643
8667
8668
8669
8670
8671
8672
8673
8674
8675
8676
8700
8701
8702
8703
8704
8705
8706
8707
8708
8709
8710
8734
8735
8736
8737
8738
8739
8740
8741
8742
8743
8767
8768
8769
8770
8771
8772
8773
8774
8775
8776
8777
8800
8844
8868
8869
8870
8871
8872
8873
8874
8875
8876
8877
8901
8902
8903
8904
8905
8906
8907
8908
8909
8910
8911
8934
8944
8968
8969
8970
8971
8972
8973
8974
8975
8976
8977
9001
9002
9003
9004
9005
9006
9007
9008
9009
9010
9011
9035
9036
9037
9038
9039
9040
9041
9042
9043
9044
9068
9069
9070
9071
9072
9073
9074
9075
9076
9077
9168
9169
9170
9171
9172
9173
9174
9175
9176
9177
9178
9202
9203
9204
9205
9206
9207
9208
9209
9210
9211
9235
9236
9237
9238
9239
9240
9241
9242
9243
9244
9312
9335
9569
9570
9571
9572
9573
9574
9575
9576
9577
9578
9579
9603
9604
9605
9606
9607
9608
9609
9610
9611
9612
9636
9637
9638
9639
9640
9641
9642
9643
9644
9645
9646
9669
9713
9736
9880
9903
9936
9937
9938
9939
9940
9941
9942
9943
9944
9945
9946
9980
10004
10005
10006
10007
10008
10009
10010
10011
10012
10013
10037
10038
10039
10040
10041
10042
10043
10044
10045
10046
10237
10238
10239
10240
10241
10242
10243
10244
10245
10246
10247
10271
10272
10273
10274
10275
10276
10277
10278
10279
10280
10348
10372
10373
10374
10375
10376
10377
10378
10379
10380
10571
10572
10573
10574
10575
10576
10577
10578
10579
10580
10581
10615
10639
10640
10641
10642
10643
10644
10645
10646
10647
10648
10672
10673
10674
10675
10676
10677
10678
10679
10680
10681
10705
10706
10707
10708
10709
10710
10711
10712
10713
10714
10715
10739
10740
10741
10742
10743
10744
10745
10746
10747
10748
10849
10872
10916
10940
10941
10942
10943
10944
10945
10946
10947
10948
10949
10973
10974
10975
10976
10977
10978
10979
10980
10981
10982
11006
11007
11008
11009
11010
11011
11012
11013
11014
11015
11106
11107
11108
11109
11110
11111
11112
11113
11114
11115
11116
11140
11141
11142
11143
11144
11145
11146
11147
11148
11149
11206
11207
11208
11209
11210
11211
11212
11213
11214
11215
11216
11240
11241
11242
11243
11244
11245
11246
11247
11248
11249
11317
11340
11417
11440
11484
11508
11509
11510
11511
11512
11513
11514
11515
11516
11517
11541
11542
11543
11544
11545
11546
11547
11548
11549
11550
11651
11674
11841
11842
11843
11844
11845
11846
11847
11848
11849
11850
11851
11875
11876
11877
11878
11879
11880
11881
11882
11883
11884
11941
11942
11943
11944
11945
11946
11947
11948
11949
11950
11951
11975
11976
11977
11978
11979
11980
11981
11982
11983
11984
12008
12009
12010
12011
12012
12013
12014
12015
12016
12017
12018
12042
12043
12044
12045
12046
12047
12048
12049
12050
12051
12175
12176
12177
12178
12179
12180
12181
12182
12183
12184
12185
12209
12210
12211
12212
12213
12214
12215
12216
12217
12218
12242
12243
12244
12245
12246
12247
12248
12249
12250
12251
12252
12276
12277
12278
12279
12280
12281
12282
12283
12284
12285
12309
12310
12311
12312
12313
12314
12315
12316
12317
12318
12319
12343
12344
12345
12346
12347
12348
12349
12350
12351
12352
12376
12377
12378
12379
12380
12381
12382
12383
12384
12385
12409
12410
12411
12412
12413
12414
12415
12416
12417
12418
12419
12443
12444
12445
12446
12447
12448
12449
12450
12451
12452
12476
12477
12478
12479
12480
12481
12482
12483
12484
12485
12486
12510
12511
12512
12513
12514
12515
12516
12517
12518
12519
12543
12544
12545
12546
12547
12548
12549
12550
12551
12552
12553
12577
12578
12579
12580
12581
12582
12583
12584
12585
12586
12610
12611
12612
12613
12614
12615
12616
12617
12618
12619
12687
12711
12712
12713
12714
12715
12716
12717
12718
12719
12720
12744
12745
12746
12747
12748
12749
12750
12751
12752
12753
12777
12778
12779
12780
12781
12782
12783
12784
12785
12786
12787
12811
12812
12813
12814
12815
12816
12817
12818
12819
12820
12844
12845
12846
12847
12848
12849
12850
12851
12852
12853
12877
12878
12879
12880
12881
12882
12883
12884
12885
12886
12887
12911
12912
12913
12914
12915
12916
12917
12918
12919
12920
12988
13012
13013
13014
13015
13016
13017
13018
13019
13020
13021
13045
13046
13047
13048
13049
13050
13051
13052
13053
13054
13078
13079
13080
13081
13082
13083
13084
13085
13086
13087
13088
13112
13113
13114
13115
13116
13117
13118
13119
13120
13121
13145
13146
13147
13148
13149
13150
13151
13152
13153
13154
13178
13179
13180
13181
13182
13183
13184
13185
13186
13187
13188
13212
13213
13214
13215
13216
13217
13218
13219
13220
13221
13278
13279
13280
13281
13282
13283
13284
13285
13286
13287
13288
13312
13313
13314
13315
13316
13317
13318
13319
13320
13321
13378
13379
13380
13381
13382
13383
13384
13385
13386
13387
13388
13422
13446
13447
13448
13449
13450
13451
13452
13453
13454
13455
13479
13480
13481
13482
13483
13484
13485
13486
13487
13488
13556
13580
13581
13582
13583
13584
13585
13586
13587
13588
13589
13613
13614
13615
13616
13617
13618
13619
13620
13621
13622
13646
13647
13648
13649
13650
13651
13652
13653
13654
13655
13656
13680
13681
13682
13683
13684
13685
13686
13687
13688
13689
13713
13714
13715
13716
13717
13718
13719
13720
13721
13722
13746
13747
13748
13749
13750
13751
13752
13753
13754
13755
13756
13780
13781
13782
13783
13784
13785
13786
13787
13788
13789
13823
13847
13848
13849
13850
13851
13852
13853
13854
13855
13856
13880
13881
13882
13883
13884
13885
13886
13887
13888
13889
13890
13914
13915
13916
13917
13918
13919
13920
13921
13922
13923
13947
13948
13949
13950
13951
13952
13953
13954
13955
13956
13957
13981
13982
13983
13984
13985
13986
13987
13988
13989
13990
14014
14015
14016
14017
14018
14019
14020
14021
14022
14023
14047
14048
14049
14050
14051
14052
14053
14054
14055
14056
14057
14081
14082
14083
14084
14085
14086
14087
14088
14089
14090
14114
14115
14116
14117
14118
14119
14120
14121
14122
14123
14214
14215
14216
14217
14218
14219
14220
14221
14222
14223
14224
14248
14249
14250
14251
14252
14253
14254
14255
14256
14257
14281
14282
14283
14284
14285
14286
14287
14288
14289
14290
14291
14315
14316
14317
14318
14319
14320
14321
14322
14323
14324
14348
14349
14350
14351
14352
14353
14354
14355
14356
14357
14425
14449
14450
14451
14452
14453
14454
14455
14456
14457
14458
14482
14483
14484
14485
14486
14487
14488
14489
14490
14491
14515
14516
14517
14518
14519
14520
14521
14522
14523
14524
14525
14549
14550
14551
14552
14553
14554
14555
14556
14557
14558
14582
14583
14584
14585
14586
14587
14588
14589
14590
14591
14615
14616
14617
14618
14619
14620
14621
14622
14623
14624
14625
14649
14650
14651
14652
14653
14654
14655
14656
14657
14658
14759
14782
14849
14850
14851
14852
14853
14854
14855
14856
14857
14858
14926
14949
14993
15016
15093
15116
15149
15150
15151
15152
15153
15154
15155
15156
15157
15158
15159
15193
15216
15250
15251
15252
15253
15254
15255
15256
15257
15258
15259
15283
15284
15285
15286
15287
15288
15289
15290
15291
15292
15293
15317
15318
15319
15320
15321
15322
15323
15324
15325
15326
15417
15418
15419
15420
15421
15422
15423
15424
15425
15426
15427
15451
15452
15453
15454
15455
15456
15457
15458
15459
15460
15484
15485
15486
15487
15488
15489
15490
15491
15492
15493
15494
15518
15519
15520
15521
15522
15523
15524
15525
15526
15527
15551
15552
15553
15554
15555
15556
15557
15558
15559
15560
15584
15585
15586
15587
15588
15589
15590
15591
15592
15593
15661
15684
15751
15752
15753
15754
15755
15756
15757
15758
15759
15760
15761
15785
15786
15787
15788
15789
15790
15791
15792
15793
15794
15818
15819
15820
15821
15822
15823
15824
15825
15826
15827
15828
15852
15853
15854
15855
15856
15857
15858
15859
15860
15861
15885
15886
15887
15888
15889
15890
15891
15892
15893
15894
15895
15919
15920
15921
15922
15923
15924
15925
15926
15927
15928
15952
15953
15954
15955
15956
15957
15958
15959
15960
15961
15962
15985
16118
16119
16120
16121
16122
16123
16124
16125
16126
16127
16128
16162
16186
16187
16188
16189
16190
16191
16192
16193
16194
16195
16252
16253
16254
16255
16256
16257
16258
16259
16260
16261
16262
16286
16287
16288
16289
16290
16291
16292
16293
16294
16295
16363
16386
16486
16487
16488
16489
16490
16491
16492
16493
16494
16495
16496
16520
16521
16522
16523
16524
16525
16526
16527
16528
16529
16553
16554
16555
16556
16557
16558
16559
16560
16561
16562
16597
16620
16653
16654
16655
16656
16657
16658
16659
16660
16661
16662
16663
16687
16688
16689
16690
16691
16692
16693
16694
16695
16696
16787
16788
16789
16790
16791
16792
16793
16794
16795
16796
16797
16821
16822
16823
16824
16825
16826
16827
16828
16829
16830
16931
16955
16956
16957
16958
16959
16960
16961
16962
16963
16964
16988
16989
16990
16991
16992
16993
16994
16995
16996
16997
17098
17122
17123
17124
17125
17126
17127
17128
17129
17130
17131
17155
17156
17157
17158
17159
17160
17161
17162
17163
17164
17165
17189
17190
17191
17192
17193
17194
17195
17196
17197
17198
17222
17223
17224
17225
17226
17227
17228
17229
17230
17231
17255
17256
17257
17258
17259
17260
17261
17262
17263
17264
17265
17289
17290
17291
17292
17293
17294
17295
17296
17297
17298
17322
17323
17324
17325
17326
17327
17328
17329
17330
17331
17332
17356
17357
17358
17359
17360
17361
17362
17363
17364
17365
17389
17390
17391
17392
17393
17394
17395
17396
17397
17398
17399
17423
17424
17425
17426
17427
17428
17429
17430
17431
17432
17456
17457
17458
17459
17460
17461
17462
17463
17464
17465
17466
17489
17633
17656
17723
17724
17725
17726
17727
17728
17729
17730
17731
17732
17733
17757
17758
17759
17760
17761
17762
17763
17764
17765
17766
17790
17791
17792
17793
17794
17795
17796
17797
17798
17799
17800
17824
17825
17826
17827
17828
17829
17830
17831
17832
17833
17857
17858
17859
17860
17861
17862
17863
17864
17865
17866
17923
17924
17925
17926
17927
17928
17929
17930
17931
17932
17933
17957
17958
17959
17960
17961
17962
17963
17964
17965
17966
18067
18090
18157
18158
18159
18160
18161
18162
18163
18164
18165
18166
18167
18191
18192
18193
18194
18195
18196
18197
18198
18199
18200
18257
18258
18259
18260
18261
18262
18263
18264
18265
18266
18267
18291
18292
18293
18294
18295
18296
18297
18298
18299
18300
18368
18392
18393
18394
18395
18396
18397
18398
18399
18400
18401
18425
18426
18427
18428
18429
18430
18431
18432
18433
18434
18458
18459
18460
18461
18462
18463
18464
18465
18466
18467
18468
18492
18493
18494
18495
18496
18497
18498
18499
18500
18501
18525
18526
18527
18528
18529
18530
18531
18532
18533
18534
18558
18559
18560
18561
18562
18563
18564
18565
18566
18567
18568
18592
18593
18594
18595
18596
18597
18598
18599
18600
18601
18658
18659
18660
18661
18662
18663
18664
18665
18666
18667
18668
18692
18693
18694
18695
18696
18697
18698
18699
18700
18701
18792
18793
18794
18795
18796
18797
18798
18799
18800
18801
18802
18826
18827
18828
18829
18830
18831
18832
18833
18834
18835
18859
18860
18861
18862
18863
18864
18865
18866
18867
18868
18869
18893
18894
18895
18896
18897
18898
18899
18900
18901
18902
18926
18927
18928
18929
18930
18931
18932
18933
18934
18935
18936
18959
19036
19060
19061
19062
19063
19064
19065
19066
19067
19068
19069
19093
19094
19095
19096
19097
19098
19099
19100
19101
19102
19170
19193
19360
19361
19362
19363
19364
19365
19366
19367
19368
19369
19370
19394
19395
19396
19397
19398
19399
19400
19401
19402
19403
19460
19461
19462
19463
19464
19465
19466
19467
19468
19469
19470
19494
19495
19496
19497
19498
19499
19500
19501
19502
19503
19527
19528
19529
19530
19531
19532
19533
19534
19535
19536
19537
19561
19562
19563
19564
19565
19566
19567
19568
19569
19570
19627
19628
19629
19630
19631
19632
19633
19634
19635
19636
19637
19661
19662
19663
19664
19665
19666
19667
19668
19669
19670
19694
19695
19696
19697
19698
19699
19700
19701
19702
19703
19704
19728
19729
19730
19731
19732
19733
19734
19735
19736
19737
19761
19762
19763
19764
19765
19766
19767
19768
19769
19770
19771
19795
19796
19797
19798
19799
19800
19801
19802
19803
19804
19828
19829
19830
19831
19832
19833
19834
19835
19836
19837
19838
19862
19863
19864
19865
19866
19867
19868
19869
19870
19871
19895
19896
19897
19898
19899
19900
19901
19902
19903
19904
19928
19929
19930
19931
19932
19933
19934
19935
19936
19937
19938
19962
19963
19964
19965
19966
19967
19968
19969
19970
19971
19995
19996
19997
19998
19999
20000
20001
20002
20003
20004
20005
20029
20030
20031
20032
20033
20034
20035
20036
20037
20038
20062
20063
20064
20065
20066
20067
20068
20069
20070
20071
20139
20163
20164
20165
20166
20167
20168
20169
20170
20171
20172
20196
20197
20198
20199
20200
20201
20202
20203
20204
20205
20229
20230
20231
20232
20233
20234
20235
20236
20237
20238
20239
20263
20264
20265
20266
20267
20268
20269
20270
20271
20272
20296
20297
20298
20299
20300
20301
20302
20303
20304
20305
20306
20329
20396
20397
20398
20399
20400
20401
20402
20403
20404
20405
20406
20430
20431
20432
20433
20434
20435
20436
20437
20438
20439
20463
20464
20465
20466
20467
20468
20469
20470
20471
20472
20473
20497
20498
20499
20500
20501
20502
20503
20504
20505
20506
20530
20531
20532
20533
20534
20535
20536
20537
20538
20539
20540
20564
20565
20566
20567
20568
20569
20570
20571
20572
20573
20597
20598
20599
20600
20601
20602
20603
20604
20605
20606
20607
20630
20774
20797
20864
20865
20866
20867
20868
20869
20870
20871
20872
20873
20874
20898
20899
20900
20901
20902
20903
20904
20905
20906
20907
20931
20932
20933
20934
20935
20936
20937
20938
20939
20940
20941
20965
20966
20967
20968
20969
20970
20971
20972
20973
20974
20998
20999
21000
21001
21002
21003
21004
21005
21006
21007
21064
21065
21066
21067
21068
21069
21070
21071
21072
21073
21074
21098
21099
21100
21101
21102
21103
21104
21105
21106
21107
21175
21199
21200
21201
21202
21203
21204
21205
21206
21207
21208
21232
21233
21234
21235
21236
21237
21238
21239
21240
21241
21265
21266
21267
21268
21269
21270
21271
21272
21273
21274
21275
21299
21300
21301
21302
21303
21304
21305
21306
21307
21308
21332
21333
21334
21335
21336
21337
21338
21339
21340
21341
21342
21366
21367
21368
21369
21370
21371
21372
21373
21374
21375
21399
21400
21401
21402
21403
21404
21405
21406
21407
21408
21409
21433
21434
21435
21436
21437
21438
21439
21440
21441
21442
21466
21467
21468
21469
21470
21471
21472
21473
21474
21475
21499
21500
21501
21502
21503
21504
21505
21506
21507
21508
21576
21600
21601
21602
21603
21604
21605
21606
21607
21608
21609
21633
21634
21635
21636
21637
21638
21639
21640
21641
21642
21643
21667
21668
21669
21670
21671
21672
21673
21674
21675
21676
21700
21701
21702
21703
21704
21705
21706
21707
21708
21709
21733
21734
21735
21736
21737
21738
21739
21740
21741
21742
21743
21767
21768
21769
21770
21771
21772
21773
21774
21775
21776
21800
21801
21802
21803
21804
21805
21806
21807
21808
21809
21810
21834
21835
21836
21837
21838
21839
21840
21841
21842
21843
21867
21868
21869
21870
21871
21872
21873
21874
21875
21876
22167
22168
22169
22170
22171
22172
22173
22174
22175
22176
22177
22201
22202
22203
22204
22205
22206
22207
22208
22209
22210
22267
22268
22269
22270
22271
22272
22273
22274
22275
22276
22277
22301
22302
22303
22304
22305
22306
22307
22308
22309
22310
22334
22335
22336
22337
22338
22339
22340
22341
22342
22343
22344
22368
22369
22370
22371
22372
22373
22374
22375
22376
22377
22401
22402
22403
22404
22405
22406
22407
22408
22409
22410
22411
22435
22436
22437
22438
22439
22440
22441
22442
22443
22444
22468
22469
22470
22471
22472
22473
22474
22475
22476
22477
22478
22501
22712
22735
22902
22903
22904
22905
22906
22907
22908
22909
22910
22911
22912
22936
22937
22938
22939
22940
22941
22942
22943
22944
22945
23002
23003
23004
23005
23006
23007
23008
23009
23010
23011
23012
23036
23037
23038
23039
23040
23041
23042
23043
23044
23045
23069
23070
23071
23072
23073
23074
23075
23076
23077
23078
23079
23103
23104
23105
23106
23107
23108
23109
23110
23111
23112
23347
23371
23372
23373
23374
23375
23376
23377
23378
23379
23380
23404
23405
23406
23407
23408
23409
23410
23411
23412
23413
23414
23437
23447
23471
23472
23473
23474
23475
23476
23477
23478
23479
23480
23504
23505
23506
23507
23508
23509
23510
23511
23512
23513
23604
23605
23606
23607
23608
23609
23610
23611
23612
23613
23614
23638
23639
23640
23641
23642
23643
23644
23645
23646
23647
23704
23705
23706
23707
23708
23709
23710
23711
23712
23713
23714
23738
23739
23740
23741
23742
23743
23744
23745
23746
23747
23838
23839
23840
23841
23842
23843
23844
23845
23846
23847
23848
23872
23873
23874
23875
23876
23877
23878
23879
23880
23881
23905
23906
23907
23908
23909
23910
23911
23912
23913
23914
23915
23938
24105
24106
24107
24108
24109
24110
24111
24112
24113
24114
24115
24139
24140
24141
24142
24143
24144
24145
24146
24147
24148
24339
24340
24341
24342
24343
24344
24345
24346
24347
24348
24349
24373
24374
24375
24376
24377
24378
24379
24380
24381
24382
24406
24407
24408
24409
24410
24411
24412
24413
24414
24415
24416
24440
24441
24442
24443
24444
24445
24446
24447
24448
24449
24473
24474
24475
24476
24477
24478
24479
24480
24481
24482
24483
24506
24617
24641
24642
24643
24644
24645
24646
24647
24648
24649
24650
24674
24675
24676
24677
24678
24679
24680
24681
24682
24683
24707
24708
24709
24710
24711
24712
24713
24714
24715
24716
24717
24741
24742
24743
24744
24745
24746
24747
24748
24749
24750
24774
24775
24776
24777
24778
24779
24780
24781
24782
24783
24807
24808
24809
24810
24811
24812
24813
24814
24815
24816
24817
24841
24842
24843
24844
24845
24846
24847
24848
24849
24850
24951
24974
25018
25041
25185
25208
25275
25276
25277
25278
25279
25280
25281
25282
25283
25284
25285
25309
25310
25311
25312
25313
25314
25315
25316
25317
25318
25342
25343
25344
25345
25346
25347
25348
25349
25350
25351
25352
25376
25377
25378
25379
25380
25381
25382
25383
25384
25385
25409
25410
25411
25412
25413
25414
25415
25416
25417
25418
25486
25510
25511
25512
25513
25514
25515
25516
25517
25518
25519
25543
25544
25545
25546
25547
25548
25549
25550
25551
25552
25576
25577
25578
25579
25580
25581
25582
25583
25584
25585
25586
25610
25611
25612
25613
25614
25615
25616
25617
25618
25619
25643
25644
25645
25646
25647
25648
25649
25650
25651
25652
25676
25677
25678
25679
25680
25681
25682
25683
25684
25685
25686
25710
25711
25712
25713
25714
25715
25716
25717
25718
25719
25820
25843
25887
25910
25920
25944
25945
25946
25947
25948
25949
25950
25951
25952
25953
25977
25978
25979
25980
25981
25982
25983
25984
25985
25986
26054
26077
26144
26145
26146
26147
26148
26149
26150
26151
26152
26153
26154
26178
26179
26180
26181
26182
26183
26184
26185
26186
26187
26211
26212
26213
26214
26215
26216
26217
26218
26219
26220
26221
26245
26246
26247
26248
26249
26250
26251
26252
26253
26254
26278
26279
26280
26281
26282
26283
26284
26285
26286
26287
26411
26412
26413
26414
26415
26416
26417
26418
26419
26420
26421
26445
26446
26447
26448
26449
26450
26451
26452
26453
26454
26511
26512
26513
26514
26515
26516
26517
26518
26519
26520
26521
26545
26546
26547
26548
26549
26550
26551
26552
26553
26554
26622
26645
26745
26746
26747
26748
26749
26750
26751
26752
26753
26754
26755
26779
26780
26781
26782
26783
26784
26785
26786
26787
26788
26812
26813
26814
26815
26816
26817
26818
26819
26820
26821
26822
26846
26847
26848
26849
26850
26851
26852
26853
26854
26855
26956
26980
26981
26982
26983
26984
26985
26986
26987
26988
26989
27013
27014
27015
27016
27017
27018
27019
27020
27021
27022
27190
27213
27313
27314
27315
27316
27317
27318
27319
27320
27321
27322
27323
27347
27348
27349
27350
27351
27352
27353
27354
27355
27356
27424
27447
27480
27481
27482
27483
27484
27485
27486
27487
27488
27489
27490
27514
27515
27516
27517
27518
27519
27520
27521
27522
27523
27614
27615
27616
27617
27618
27619
27620
27621
27622
27623
27624
27647
27681
27682
27683
27684
27685
27686
27687
27688
27689
27690
27714
27715
27716
27717
27718
27719
27720
27721
27722
27723
27724
27748
27749
27750
27751
27752
27753
27754
27755
27756
27757
27781
27782
27783
27784
27785
27786
27787
27788
27789
27790
27791
27815
27816
27817
27818
27819
27820
27821
27822
27823
27824
27925
27949
27950
27951
27952
27953
27954
27955
27956
27957
27958
27982
27983
27984
27985
27986
27987
27988
27989
27990
27991
27992
28015
28092
28115
28182
28183
28184
28185
28186
28187
28188
28189
28190
28191
28192
28216
28217
28218
28219
28220
28221
28222
28223
28224
28225
28416
28417
28418
28419
28420
28421
28422
28423
28424
28425
28426
28450
28451
28452
28453
28454
28455
28456
28457
28458
28459
28483
28484
28485
28486
28487
28488
28489
28490
28491
28492
28493
28517
28518
28519
28520
28521
28522
28523
28524
28525
28526
28550
28551
28552
28553
28554
28555
28556
28557
28558
28559
28583
28584
28585
28586
28587
28588
28589
28590
28591
28592
28593
28617
28618
28619
28620
28621
28622
28623
28624
28625
28626
28650
28651
28652
28653
28654
28655
28656
28657
28658
28659
28660
28684
28685
28686
28687
28688
28689
28690
28691
28692
28693
28717
28718
28719
28720
28721
28722
28723
28724
28725
28726
28727
28751
28752
28753
28754
28755
28756
28757
28758
28759
28760
28784
28785
28786
28787
28788
28789
28790
28791
28792
28793
28794
28817
28928
28952
28953
28954
28955
28956
28957
28958
28959
28960
28961
28985
28986
28987
28988
28989
28990
28991
28992
28993
28994
29018
29019
29020
29021
29022
29023
29024
29025
29026
29027
29095
29119
29120
29121
29122
29123
29124
29125
29126
29127
29128
29152
29153
29154
29155
29156
29157
29158
29159
29160
29161
29262
29286
29287
29288
29289
29290
29291
29292
29293
29294
29295
29319
29320
29321
29322
29323
29324
29325
29326
29327
29328
29429
29453
29454
29455
29456
29457
29458
29459
29460
29461
29462
29486
29487
29488
29489
29490
29491
29492
29493
29494
29495
29663
29687
29688
29689
29690
29691
29692
29693
29694
29695
29696
29720
29721
29722
29723
29724
29725
29726
29727
29728
29729
29753
29754
29755
29756
29757
29758
29759
29760
29761
29762
29763
29787
29788
29789
29790
29791
29792
29793
29794
29795
29796
29820
29821
29822
29823
29824
29825
29826
29827
29828
29829
29830
29854
29855
29856
29857
29858
29859
29860
29861
29862
29863
29887
29888
29889
29890
29891
29892
29893
29894
29895
29896
29897
29921
29922
29923
29924
29925
29926
29927
29928
29929
29930
29954
29955
29956
29957
29958
29959
29960
29961
29962
29963
29987
29988
29989
29990
29991
29992
29993
29994
29995
29996
29997
30021
30022
30023
30024
30025
30026
30027
30028
30029
30030
30054
30055
30056
30057
30058
30059
30060
30061
30062
30063
30064
30088
30089
30090
30091
30092
30093
30094
30095
30096
30097
30121
30122
30123
30124
30125
30126
30127
30128
30129
30130
30231
30255
30256
30257
30258
30259
30260
30261
30262
30263
30264
30288
30289
30290
30291
30292
30293
30294
30295
30296
30297
30298
30322
30323
30324
30325
30326
30327
30328
30329
30330
30331
30355
30356
30357
30358
30359
30360
30361
30362
30363
30364
30388
30389
30390
30391
30392
30393
30394
30395
30396
30397
30532
30555
30565
30589
30590
30591
30592
30593
30594
30595
30596
30597
30598
30622
30623
30624
30625
30626
30627
30628
30629
30630
30631
30699
30722
30789
30790
30791
30792
30793
30794
30795
30796
30797
30798
30799
30823
30824
30825
30826
30827
30828
30829
30830
30831
30832
30856
30857
30858
30859
30860
30861
30862
30863
30864
30865
30866
30889
31033
31056
31156
31157
31158
31159
31160
31161
31162
31163
31164
31165
31166
31190
31191
31192
31193
31194
31195
31196
31197
31198
31199
31256
31257
31258
31259
31260
31261
31262
31263
31264
31265
31266
31300
31323
31367
31391
31392
31393
31394
31395
31396
31397
31398
31399
31400
31424
31425
31426
31427
31428
31429
31430
31431
31432
31433
31557
31558
31559
31560
31561
31562
31563
31564
31565
31566
31567
31591
31592
31593
31594
31595
31596
31597
31598
31599
31600
31701
31725
31726
31727
31728
31729
31730
31731
31732
31733
31734
31758
31759
31760
31761
31762
31763
31764
31765
31766
31767
31902
31926
31927
31928
31929
31930
31931
31932
31933
31934
31935
31959
31960
31961
31962
31963
31964
31965
31966
31967
31968
31992
31993
31994
31995
31996
31997
31998
31999
32000
32001
32125
32126
32127
32128
32129
32130
32131
32132
32133
32134
32135
32169
32192
32236
32260
32261
32262
32263
32264
32265
32266
32267
32268
32269
32293
32294
32295
32296
32297
32298
32299
32300
32301
32302
32426
32427
32428
32429
32430
32431
32432
32433
32434
32435
32436
32460
32461
32462
32463
32464
32465
32466
32467
32468
32469
32526
32527
32528
32529
32530
32531
32532
32533
32534
32535
32536
32560
32561
32562
32563
32564
32565
32566
32567
32568
32569
32637
32660
32760
32761
32762
32763
32764
32765
32766
32767
32768
32769
32770
32794
32795
32796
32797
32798
32799
32800
32801
32802
32803
32827
32828
32829
32830
32831
32832
32833
32834
32835
32836
32837
32861
32862
32863
32864
32865
32866
32867
32868
32869
32870
32927
32928
32929
32930
32931
32932
32933
32934
32935
32936
32937
32961
32962
32963
32964
32965
32966
32967
32968
32969
32970
32994
32995
32996
32997
32998
32999
33000
33001
33002
33003
33004
33028
33029
33030
33031
33032
33033
33034
33035
33036
33037
33161
33162
33163
33164
33165
33166
33167
33168
33169
33170
33171
33195
33196
33197
33198
33199
33200
33201
33202
33203
33204
33228
33229
33230
33231
33232
33233
33234
33235
33236
33237
33238
33262
33263
33264
33265
33266
33267
33268
33269
33270
33271
33295
33296
33297
33298
33299
33300
33301
33302
33303
33304
33305
33329
33330
33331
33332
33333
33334
33335
33336
33337
33338
33362
33363
33364
33365
33366
33367
33368
33369
33370
33371
33395
33396
33397
33398
33399
33400
33401
33402
33403
33404
33405
33429
33430
33431
33432
33433
33434
33435
33436
33437
33438
33462
33463
33464
33465
33466
33467
33468
33469
33470
33471
33472
33496
33497
33498
33499
33500
33501
33502
33503
33504
33505
33529
33530
33531
33532
33533
33534
33535
33536
33537
33538
33539
33563
33564
33565
33566
33567
33568
33569
33570
33571
33572
33596
33597
33598
33599
33600
33601
33602
33603
33604
33605
33629
33630
33631
33632
33633
33634
33635
33636
33637
33638
33639
33663
33664
33665
33666
33667
33668
33669
33670
33671
33672
33696
33697
33698
33699
33700
33701
33702
33703
33704
33705
33706
33730
33731
33732
33733
33734
33735
33736
33737
33738
33739
33763
33764
33765
33766
33767
33768
33769
33770
33771
33772
33773
33797
33798
33799
33800
33801
33802
33803
33804
33805
33806
33830
33831
33832
33833
33834
33835
33836
33837
33838
33839
33863
33864
33865
33866
33867
33868
33869
33870
33871
33872
33873
33897
33898
33899
33900
33901
33902
33903
33904
33905
33906
33930
33931
33932
33933
33934
33935
33936
33937
33938
33939
33940
33964
33965
33966
33967
33968
33969
33970
33971
33972
33973
33997
33998
33999
34000
34001
34002
34003
34004
34005
34006
34007
34031
34032
34033
34034
34035
34036
34037
34038
34039
34040
34064
34065
34066
34067
34068
34069
34070
34071
34072
34073
34097
34098
34099
34100
34101
34102
34103
34104
34105
34106
34107
34131
34132
34133
34134
34135
34136
34137
34138
34139
34140
34164
34165
34166
34167
34168
34169
34170
34171
34172
34173
34241
34264
34431
34432
34433
34434
34435
34436
34437
34438
34439
34440
34441
34465
34466
34467
34468
34469
34470
34471
34472
34473
34474
34531
34532
34533
34534
34535
34536
34537
34538
34539
34540
34541
34565
34566
34567
34568
34569
34570
34571
34572
34573
34574
34598
34599
34600
34601
34602
34603
34604
34605
34606
34607
34608
34632
34633
34634
34635
34636
34637
34638
34639
34640
34641
34876
34900
34901
34902
34903
34904
34905
34906
34907
34908
34909
34933
34934
34935
34936
34937
34938
34939
34940
34941
34942
34966
34967
34968
34969
34970
34971
34972
34973
34974
34975
35133
35134
35135
35136
35137
35138
35139
35140
35141
35142
35143
35167
35168
35169
35170
35171
35172
35173
35174
35175
35176
35200
35201
35202
35203
35204
35205
35206
35207
35208
35209
35210
35233
35277
35300
35444
35467
35534
35535
35536
35537
35538
35539
35540
35541
35542
35543
35544
35568
35569
35570
35571
35572
35573
35574
35575
35576
35577
35601
35602
35603
35604
35605
35606
35607
35608
35609
35610
35611
35635
35636
35637
35638
35639
35640
35641
35642
35643
35644
35668
35669
35670
35671
35672
35673
35674
35675
35676
35677
35734
35735
35736
35737
35738
35739
35740
35741
35742
35743
35744
35768
35769
35770
35771
35772
35773
35774
35775
35776
35777
35845
35869
35870
35871
35872
35873
35874
35875
35876
35877
35878
35902
35903
35904
35905
35906
35907
35908
35909
35910
35911
35935
35936
35937
35938
35939
35940
35941
35942
35943
35944
35945
35969
35970
35971
35972
35973
35974
35975
35976
35977
35978
36002
36003
36004
36005
36006
36007
36008
36009
36010
36011
36012
36036
36037
36038
36039
36040
36041
36042
36043
36044
36045
36069
36070
36071
36072
36073
36074
36075
36076
36077
36078
36179
36202
36246
36270
36271
36272
36273
36274
36275
36276
36277
36278
36279
36303
36304
36305
36306
36307
36308
36309
36310
36311
36312
36336
36337
36338
36339
36340
36341
36342
36343
36344
36345
36346
36370
36371
36372
36373
36374
36375
36376
36377
36378
36379
36403
36404
36405
36406
36407
36408
36409
36410
36411
36412
36413
36437
36438
36439
36440
36441
36442
36443
36444
36445
36446
36470
36471
36472
36473
36474
36475
36476
36477
36478
36479
36480
36504
36505
36506
36507
36508
36509
36510
36511
36512
36513
36537
36538
36539
36540
36541
36542
36543
36544
36545
36546
36570
36571
36572
36573
36574
36575
36576
36577
36578
36579
36580
36604
36605
36606
36607
36608
36609
36610
36611
36612
36613
36637
36638
36639
36640
36641
36642
36643
36644
36645
36646
36737
36738
36739
36740
36741
36742
36743
36744
36745
36746
36747
36771
36772
36773
36774
36775
36776
36777
36778
36779
36780
36804
36805
36806
36807
36808
36809
36810
36811
36812
36813
36814
36838
36839
36840
36841
36842
36843
36844
36845
36846
36847
36871
36872
36873
36874
36875
36876
36877
36878
36879
36880
36881
36905
36906
36907
36908
36909
36910
36911
36912
36913
36914
36938
36939
36940
36941
36942
36943
36944
36945
36946
36947
36948
36971
37138
37139
37140
37141
37142
37143
37144
37145
37146
37147
37148
37172
37173
37174
37175
37176
37177
37178
37179
37180
37181
37238
37239
37240
37241
37242
37243
37244
37245
37246
37247
37248
37272
37273
37274
37275
37276
37277
37278
37279
37280
37281
37349
37372
37449
37472
37606
37607
37608
37609
37610
37611
37612
37613
37614
37615
37616
37639
37706
37707
37708
37709
37710
37711
37712
37713
37714
37715
37716
37740
37741
37742
37743
37744
37745
37746
37747
37748
37749
37906
37907
37908
37909
37910
37911
37912
37913
37914
37915
37916
37940
37941
37942
37943
37944
37945
37946
37947
37948
37949
37984
38008
38009
38010
38011
38012
38013
38014
38015
38016
38017
38041
38042
38043
38044
38045
38046
38047
38048
38049
38050
38074
38075
38076
38077
38078
38079
38080
38081
38082
38083
38207
38208
38209
38210
38211
38212
38213
38214
38215
38216
38217
38251
38274
38318
38342
38343
38344
38345
38346
38347
38348
38349
38350
38408
38409
38410
38411
38412
38413
38414
38415
38416
38417
38418
38442
38443
38444
38445
38446
38447
38448
38449
38450
38451
38475
38476
38477
38478
38479
38480
38481
38482
38483
38484
38485
38509
38510
38511
38512
38513
38514
38515
38516
38517
38518
38542
38543
38544
38545
38546
38547
38548
38549
38550
38551
38552
38576
38577
38578
38579
38580
38581
38582
38583
38584
38585
38609
38610
38611
38612
38613
38614
38615
38616
38617
38618
38642
38643
38644
38645
38646
38647
38648
38649
38650
38651
38719
38743
38744
38745
38746
38747
38748
38749
38750
38751
38752
38776
38777
38778
38779
38780
38781
38782
38783
38784
38785
38909
38910
38911
38912
38913
38914
38915
38916
38917
38918
38919
38943
38944
38945
38946
38947
38948
38949
38950
38951
38952
39020
39044
39045
39046
39047
39048
39049
39050
39051
39052
39053
39077
39078
39079
39080
39081
39082
39083
39084
39085
39086
39110
39111
39112
39113
39114
39115
39116
39117
39118
39119
39277
39278
39279
39280
39281
39282
39283
39284
39285
39286
39287
39311
39312
39313
39314
39315
39316
39317
39318
39319
39320
39344
39345
39346
39347
39348
39349
39350
39351
39352
39353
39377
39378
39379
39380
39381
39382
39383
39384
39385
39386
39387
39411
39412
39413
39414
39415
39416
39417
39418
39419
39420
39477
39478
39479
39480
39481
39482
39483
39484
39485
39486
39487
39511
39512
39513
39514
39515
39516
39517
39518
39519
39520
39644
39645
39646
39647
39648
39649
39650
39651
39652
39653
39654
39678
39679
39680
39681
39682
39683
39684
39685
39686
39687
39755
39779
39780
39781
39782
39783
39784
39785
39786
39787
39788
39812
39813
39814
39815
39816
39817
39818
39819
39820
39821
39845
39846
39847
39848
39849
39850
39851
39852
39853
39854
39855
39879
39880
39881
39882
39883
39884
39885
39886
39887
39888
39912
39913
39914
39915
39916
39917
39918
39919
39920
39921
39945
39946
39947
39948
39949
39950
39951
39952
39953
39954
39955
39979
39980
39981
39982
39983
39984
39985
39986
39987
39988
40045
40046
40047
40048
40049
40050
40051
40052
40053
40054
40055
40079
40080
40081
40082
40083
40084
40085
40086
40087
40088
40156
40179
40413
40414
40415
40416
40417
40418
40419
40420
40421
40422
40423
40446
40557
40580
40613
40614
40615
40616
40617
40618
40619
40620
40621
40622
40623
40647
40648
40649
40650
40651
40652
40653
40654
40655
40656
40713
40714
40715
40716
40717
40718
40719
40720
40721
40722
40723
40747
40748
40749
40750
40751
40752
40753
40754
40755
40756
40814
40815
40816
40817
40818
40819
40820
40821
40822
40823
40947
40948
40949
40950
40951
40952
40953
40954
40955
40956
40957
40991
41015
41016
41017
41018
41019
41020
41021
41022
41023
41024
41048
41049
41050
41051
41052
41053
41054
41055
41056
41057
41081
41082
41083
41084
41085
41086
41087
41088
41089
41090
41091
41115
41116
41117
41118
41119
41120
41121
41122
41123
41124
41148
41149
41150
41151
41152
41153
41154
41155
41156
41157
41181
41182
41183
41184
41185
41186
41187
41188
41189
41190
41191
41215
41216
41217
41218
41219
41220
41221
41222
41223
41224
41359
41383
41384
41385
41386
41387
41388
41389
41390
41391
41482
41483
41484
41485
41486
41487
41488
41489
41490
41491
41492
41516
41517
41518
41519
41520
41521
41522
41523
41524
41525
41549
41550
41551
41552
41553
41554
41555
41556
41557
41558
41559
41582
41616
41617
41618
41619
41620
41621
41622
41623
41624
41625
41649
41650
41651
41652
41653
41654
41655
41656
41657
41658
41659
41683
41684
41685
41686
41687
41688
41689
41690
41691
41692
41716
41717
41718
41719
41720
41721
41722
41723
41724
41725
41726
41750
41751
41752
41753
41754
41755
41756
41757
41758
41759
41927
41951
41952
41953
41954
41955
41956
41957
41958
41959
41960
41984
41985
41986
41987
41988
41989
41990
41991
41992
41993
42017
42018
42019
42020
42021
42022
42023
42024
42025
42026
42094
42118
42119
42120
42121
42122
42123
42124
42125
42126
42127
42151
42152
42153
42154
42155
42156
42157
42158
42159
42160
42295
42319
42320
42321
42322
42323
42324
42325
42326
42327
42328
42352
42353
42354
42355
42356
42357
42358
42359
42360
42361
42385
42386
42387
42388
42389
42390
42391
42392
42393
42394
42451
42452
42453
42454
42455
42456
42457
42458
42459
42460
42461
42485
42486
42487
42488
42489
42490
42491
42492
42493
42494
42552
42553
42554
42555
42556
42557
42558
42559
42560
42561
42618
42619
42620
42621
42622
42623
42624
42625
42626
42627
42628
42652
42653
42654
42655
42656
42657
42658
42659
42660
42661
42685
42686
42687
42688
42689
42690
42691
42692
42693
42694
42695
42729
42752
42852
42853
42854
42855
42856
42857
42858
42859
42860
42861
42862
42886
42887
42888
42889
42890
42891
42892
42893
42894
42895
42919
42920
42921
42922
42923
42924
42925
42926
42927
42928
42929
42953
42954
42955
42956
42957
42958
42959
42960
42961
42962
43063
43087
43088
43089
43090
43091
43092
43093
43094
43095
43096
43120
43121
43122
43123
43124
43125
43126
43127
43128
43129
43297
43320
43420
43421
43422
43423
43424
43425
43426
43427
43428
43429
43430
43454
43455
43456
43457
43458
43459
43460
43461
43462
43463
43531
43554
43587
43588
43589
43590
43591
43592
43593
43594
43595
43596
43597
43621
43622
43623
43624
43625
43626
43627
43628
43629
43630
43721
43722
43723
43724
43725
43726
43727
43728
43729
43730
43731
43755
43756
43757
43758
43759
43760
43761
43762
43763
43764
43821
43822
43823
43824
43825
43826
43827
43828
43829
43830
43831
43855
43856
43857
43858
43859
43860
43861
43862
43863
43864
43888
43889
43890
43891
43892
43893
43894
43895
43896
43897
43898
43922
43923
43924
43925
43926
43927
43928
43929
43930
43931
44032
44056
44057
44058
44059
44060
44061
44062
44063
44064
44065
44089
44090
44091
44092
44093
44094
44095
44096
44097
44098
44122
44123
44124
44125
44126
44127
44128
44129
44130
44131
44132
44156
44157
44158
44159
44160
44161
44162
44163
44164
44165
44189
44190
44191
44192
44193
44194
44195
44196
44197
44198
44199
44222
44289
44290
44291
44292
44293
44294
44295
44296
44297
44298
44299
44323
44324
44325
44326
44327
44328
44329
44330
44331
44332
44356
44357
44358
44359
44360
44361
44362
44363
44364
44365
44366
44390
44391
44392
44393
44394
44395
44396
44397
44398
44399
44423
44424
44425
44426
44427
44428
44429
44430
44431
44432
44433
44457
44458
44459
44460
44461
44462
44463
44464
44465
44466
44490
44491
44492
44493
44494
44495
44496
44497
44498
44499
44523
44524
44525
44526
44527
44528
44529
44530
44531
44532
44533
44557
44558
44559
44560
44561
44562
44563
44564
44565
44566
44590
44591
44592
44593
44594
44595
44596
44597
44598
44599
44600
44624
44625
44626
44627
44628
44629
44630
44631
44632
44633
44657
44658
44659
44660
44661
44662
44663
44664
44665
44666
44734
44758
44759
44760
44761
44762
44763
44764
44765
44766
44767
44791
44792
44793
44794
44795
44796
44797
44798
44799
44800
44824
44825
44826
44827
44828
44829
44830
44831
44832
44833
44834
44858
44859
44860
44861
44862
44863
44864
44865
44866
44867
44891
44892
44893
44894
44895
44896
44897
44898
44899
44900
44901
44924
44991
44992
44993
44994
44995
44996
44997
44998
44999
45000
45001
45025
45026
45027
45028
45029
45030
45031
45032
45033
45034
45058
45059
45060
45061
45062
45063
45064
45065
45066
45067
45068
45092
45093
45094
45095
45096
45097
45098
45099
45100
45101
45125
45126
45127
45128
45129
45130
45131
45132
45133
45134
45135
45159
45160
45161
45162
45163
45164
45165
45166
45167
45168
45192
45193
45194
45195
45196
45197
45198
45199
45200
45201
45225
45226
45227
45228
45229
45230
45231
45232
45233
45234
45235
45259
45260
45261
45262
45263
45264
45265
45266
45267
45268
45292
45293
45294
45295
45296
45297
45298
45299
45300
45301
45302
45326
45327
45328
45329
45330
45331
45332
45333
45334
45335
45359
45360
45361
45362
45363
45364
45365
45366
45367
45368
45536
45560
45561
45562
45563
45564
45565
45566
45567
45568
45569
45593
45594
45595
45596
45597
45598
45599
45600
45601
45602
45626
45627
45628
45629
45630
45631
45632
45633
45634
45635
45636
45660
45661
45662
45663
45664
45665
45666
45667
45668
45669
45693
45694
45695
45696
45697
45698
45699
45700
45701
45702
45703
45727
45728
45729
45730
45731
45732
45733
45734
45735
45736
45760
45761
45762
45763
45764
45765
45766
45767
45768
45769
45893
45894
45895
45896
45897
45898
45899
45900
45901
45902
45903
45927
45928
45929
45930
45931
45932
45933
45934
45935
45936
46060
46061
46062
46063
46064
46065
46066
46067
46068
46069
46070
46094
46095
46096
46097
46098
46099
46100
46101
46102
46103
46639
46663
46664
46665
46666
46667
46668
46669
46670
46671
46672
46696
46697
46698
46699
46700
46701
46702
46703
46704
46705
46729
46730
46731
46732
46733
46734
46735
46736
46737
46738
46806
46830
46831
46832
46833
46834
46835
46836
46837
46838
46839
46863
46864
46865
46866
46867
46868
46869
46870
46871
46872
47040
47064
47065
47066
47067
47068
47069
47070
47071
47072
47073
47097
47098
47099
47100
47101
47102
47103
47104
47105
47106
47130
47131
47132
47133
47134
47135
47136
47137
47138
47139
47207
47230
47297
47298
47299
47300
47301
47302
47303
47304
47305
47306
47307
47331
47332
47333
47334
47335
47336
47337
47338
47339
47340
47364
47365
47366
47367
47368
47369
47370
47371
47372
47373
47397
47398
47399
47400
47401
47402
47403
47404
47405
47406
47407
47431
47432
47433
47434
47435
47436
47437
47438
47439
47440
47497
47498
47499
47500
47501
47502
47503
47504
47505
47506
47507
47531
47532
47533
47534
47535
47536
47537
47538
47539
47540
47597
47598
47599
47600
47601
47602
47603
47604
47605
47606
47607
47641
47664
47708
47731
47898
47899
47900
47901
47902
47903
47904
47905
47906
47907
47908
47932
47933
47934
47935
47936
47937
47938
47939
47940
47941
47998
47999
48000
48001
48002
48003
48004
48005
48006
48007
48008
48032
48033
48034
48035
48036
48037
48038
48039
48040
48041
48109
48132
48343
48366
48399
48400
48401
48402
48403
48404
48405
48406
48407
48408
48409
48433
48434
48435
48436
48437
48438
48439
48440
48441
48442
48533
48534
48535
48536
48537
48538
48539
48540
48541
48542
48543
48567
48568
48569
48570
48571
48572
48573
48574
48575
48576
48633
48634
48635
48636
48637
48638
48639
48640
48641
48642
48643
48667
48668
48669
48670
48671
48672
48673
48674
48675
48676
48700
48701
48702
48703
48704
48705
48706
48707
48708
48709
48710
48734
48735
48736
48737
48738
48739
48740
48741
48742
48743
48800
48801
48802
48803
48804
48805
48806
48807
48808
48809
48810
48834
48835
48836
48837
48838
48839
48840
48841
48842
48843
48867
48868
48869
48870
48871
48872
48873
48874
48875
48876
48877
48901
48902
48903
48904
48905
48906
48907
48908
48909
48910
48934
48935
48936
48937
48938
48939
48940
48941
48942
48943
48944
48968
48969
48970
48971
48972
48973
48974
48975
48976
48977
49001
49002
49003
49004
49005
49006
49007
49008
49009
49010
49011
49035
49036
49037
49038
49039
49040
49041
49042
49043
49044
49068
49069
49070
49071
49072
49073
49074
49075
49076
49077
49101
49102
49103
49104
49105
49106
49107
49108
49109
49110
49111
49135
49136
49137
49138
49139
49140
49141
49142
49143
49144
49168
49169
49170
49171
49172
49173
49174
49175
49176
49177
49178
49202
49203
49204
49205
49206
49207
49208
49209
49210
49211
49235
49236
49237
49238
49239
49240
49241
49242
49243
49244
49312
49336
49337
49338
49339
49340
49341
49342
49343
49344
49345
49369
49370
49371
49372
49373
49374
49375
49376
49377
49378
49402
49403
49404
49405
49406
49407
49408
49409
49410
49411
49412
49436
49437
49438
49439
49440
49441
49442
49443
49444
49445
49469
49470
49471
49472
49473
49474
49475
49476
49477
49478
49479
49502
49569
49570
49571
49572
49573
49574
49575
49576
49577
49578
49579
49603
49604
49605
49606
49607
49608
49609
49610
49611
49612
49636
49637
49638
49639
49640
49641
49642
49643
49644
49645
49646
49670
49671
49672
49673
49674
49675
49676
49677
49678
49679
49703
49704
49705
49706
49707
49708
49709
49710
49711
49712
49713
49737
49738
49739
49740
49741
49742
49743
49744
49745
49746
49770
49771
49772
49773
49774
49775
49776
49777
49778
49779
49780
49803
49947
49971
49972
49973
49974
49975
49976
49977
49978
49979
49980
50004
50005
50006
50007
50008
50009
50010
50011
50012
50013
50137
50138
50139
50140
50141
50142
50143
50144
50145
50146
50147
50171
50172
50173
50174
50175
50176
50177
50178
50179
50180
50237
50238
50239
50240
50241
50242
50243
50244
50245
50246
50247
50271
50272
50273
50274
50275
50276
50277
50278
50279
50280
50304
50305
50306
50307
50308
50309
50310
50311
50312
50313
50314
50338
50339
50340
50341
50342
50343
50344
50345
50346
50347
50515
50539
50540
50541
50542
50543
50544
50545
50546
50547
50548
50572
50573
50574
50575
50576
50577
50578
50579
50580
50581
50605
50606
50607
50608
50609
50610
50611
50612
50613
50614
50615
50639
50640
50641
50642
50643
50644
50645
50646
50647
50648
50672
50673
50674
50675
50676
50677
50678
50679
50680
50681
50705
50706
50707
50708
50709
50710
50711
50712
50713
50714
50715
50739
50740
50741
50742
50743
50744
50745
50746
50747
50748
50805
50806
50807
50808
50809
50810
50811
50812
50813
50814
50815
50839
50840
50841
50842
50843
50844
50845
50846
50847
50848
50916
50939
51150
51173
51217
51241
51242
51243
51244
51245
51246
51247
51248
51249
51317
51341
51342
51343
51344
51345
51346
51347
51348
51349
51350
51374
51375
51376
51377
51378
51379
51380
51381
51382
51383
51440
51441
51442
51443
51444
51445
51446
51447
51448
51449
51450
51484
51508
51509
51510
51511
51512
51513
51514
51515
51516
51517
51541
51542
51543
51544
51545
51546
51547
51548
51549
51550
51641
51642
51643
51644
51645
51646
51647
51648
51649
51650
51651
51674
51785
51809
51810
51811
51812
51813
51814
51815
51816
51817
51818
51842
51843
51844
51845
51846
51847
51848
51849
51850
51851
51875
51876
51877
51878
51879
51880
51881
51882
51883
51884
52019
52042
52119
52142
52186
52209
52276
52277
52278
52279
52280
52281
52282
52283
52284
52285
52286
52310
52311
52312
52313
52314
52315
52316
52317
52318
52319
52343
52344
52345
52346
52347
52348
52349
52350
52351
52352
52353
52377
52378
52379
52380
52381
52382
52383
52384
52385
52386
52410
52411
52412
52413
52414
52415
52416
52417
52418
52419
52476
52477
52478
52479
52480
52481
52482
52483
52484
52485
52486
52510
52511
52512
52513
52514
52515
52516
52517
52518
52519
52587
52611
52612
52613
52614
52615
52616
52617
52618
52619
52620
52644
52645
52646
52647
52648
52649
52650
52651
52652
52653
52677
52678
52679
52680
52681
52682
52683
52684
52685
52686
52687
52711
52712
52713
52714
52715
52716
52717
52718
52719
52720
52744
52745
52746
52747
52748
52749
52750
52751
52752
52753
52754
52778
52779
52780
52781
52782
52783
52784
52785
52786
52787
52811
52812
52813
52814
52815
52816
52817
52818
52819
52820
52821
52845
52846
52847
52848
52849
52850
52851
52852
52853
52854
52878
52879
52880
52881
52882
52883
52884
52885
52886
52887
52911
52912
52913
52914
52915
52916
52917
52918
52919
52920
53078
53079
53080
53081
53082
53083
53084
53085
53086
53087
53088
53112
53113
53114
53115
53116
53117
53118
53119
53120
53121
53145
53146
53147
53148
53149
53150
53151
53152
53153
53154
53222
53245
53289
53313
53314
53315
53316
53317
53318
53319
53320
53321
53322
53346
53347
53348
53349
53350
53351
53352
53353
53354
53355
53379
53380
53381
53382
53383
53384
53385
53386
53387
53388
53389
53413
53414
53415
53416
53417
53418
53419
53420
53421
53422
53446
53447
53448
53449
53450
53451
53452
53453
53454
53455
53456
53480
53481
53482
53483
53484
53485
53486
53487
53488
53489
53513
53514
53515
53516
53517
53518
53519
53520
53521
53522
53623
53647
53648
53649
53650
53651
53652
53653
53654
53655
53656
53680
53681
53682
53683
53684
53685
53686
53687
53688
53689
53723
53747
53748
53749
53750
53751
53752
53753
53754
53755
53756
53780
53781
53782
53783
53784
53785
53786
53787
53788
53789
53790
53814
53815
53816
53817
53818
53819
53820
53821
53822
53823
53847
53848
53849
53850
53851
53852
53853
53854
53855
53856
53980
53981
53982
53983
53984
53985
53986
53987
53988
53989
53990
54014
54015
54016
54017
54018
54019
54020
54021
54022
54023
54147
54148
54149
54150
54151
54152
54153
54154
54155
54156
54157
54181
54182
54183
54184
54185
54186
54187
54188
54189
54190
54258
54282
54283
54284
54285
54286
54287
54288
54289
54290
54291
54315
54316
54317
54318
54319
54320
54321
54322
54323
54324
54348
54349
54350
54351
54352
54353
54354
54355
54356
54357
54425
54449
54450
54451
54452
54453
54454
54455
54456
54457
54458
54482
54483
54484
54485
54486
54487
54488
54489
54490
54491
54659
54683
54684
54685
54686
54687
54688
54689
54690
54691
54692
54716
54717
54718
54719
54720
54721
54722
54723
54724
54725
54749
54750
54751
54752
54753
54754
54755
54756
54757
54758
54759
54783
54784
54785
54786
54787
54788
54789
54790
54791
54792
54816
54817
54818
54819
54820
54821
54822
54823
54824
54825
54826
54850
54851
54852
54853
54854
54855
54856
54857
54858
54859
54883
54884
54885
54886
54887
54888
54889
54890
54891
54892
54893
54917
54918
54919
54920
54921
54922
54923
54924
54925
54926
54950
54951
54952
54953
54954
54955
54956
54957
54958
54959
54983
54984
54985
54986
54987
54988
54989
54990
54991
54992
54993
55017
55018
55019
55020
55021
55022
55023
55024
55025
55026
55050
55051
55052
55053
55054
55055
55056
55057
55058
55059
55150
55151
55152
55153
55154
55155
55156
55157
55158
55159
55160
55184
55185
55186
55187
55188
55189
55190
55191
55192
55193
55217
55218
55219
55220
55221
55222
55223
55224
55225
55226
55227
55251
55252
55253
55254
55255
55256
55257
55258
55259
55260
55284
55285
55286
55287
55288
55289
55290
55291
55292
55293
55394
55418
55419
55420
55421
55422
55423
55424
55425
55426
55427
55451
55452
55453
55454
55455
55456
55457
55458
55459
55460
55461
55485
55486
55487
55488
55489
55490
55491
55492
55493
55494
55518
55519
55520
55521
55522
55523
55524
55525
55526
55527
55551
55552
55553
55554
55555
55556
55557
55558
55559
55560
55561
55585
55586
55587
55588
55589
55590
55591
55592
55593
55594
55618
55619
55620
55621
55622
55623
55624
55625
55626
55627
55628
55652
55653
55654
55655
55656
55657
55658
55659
55660
55661
55685
55686
55687
55688
55689
55690
55691
55692
55693
55694
55862
55886
55887
55888
55889
55890
55891
55892
55893
55894
55895
55919
55920
55921
55922
55923
55924
55925
55926
55927
55928
55952
55953
55954
55955
55956
55957
55958
55959
55960
55961
55962
55986
55987
55988
55989
55990
55991
55992
55993
55994
55995
56019
56020
56021
56022
56023
56024
56025
56026
56027
56028
56029
56053
56054
56055
56056
56057
56058
56059
56060
56061
56062
56086
56087
56088
56089
56090
56091
56092
56093
56094
56095
56219
56220
56221
56222
56223
56224
56225
56226
56227
56228
56229
56253
56254
56255
56256
56257
56258
56259
56260
56261
56262
56386
56387
56388
56389
56390
56391
56392
56393
56394
56395
56396
56420
56421
56422
56423
56424
56425
56426
56427
56428
56429
56497
56521
56522
56523
56524
56525
56526
56527
56528
56529
56530
56554
56555
56556
56557
56558
56559
56560
56561
56562
56563
56587
56588
56589
56590
56591
56592
56593
56594
56595
56596
56597
56621
56622
56623
56624
56625
56626
56627
56628
56629
56630
56654
56655
56656
56657
56658
56659
56660
56661
56662
56663
56687
56688
56689
56690
56691
56692
56693
56694
56695
56696
56697
56721
56722
56723
56724
56725
56726
56727
56728
56729
56730
56787
56788
56789
56790
56791
56792
56793
56794
56795
56796
56797
56821
56822
56823
56824
56825
56826
56827
56828
56829
56830
56887
56888
56889
56890
56891
56892
56893
56894
56895
56896
56897
56931
56955
56956
56957
56958
56959
56960
56961
56962
56963
56964
56988
56989
56990
56991
56992
56993
56994
56995
56996
56997
56998
57022
57023
57024
57025
57026
57027
57028
57029
57030
57031
57055
57056
57057
57058
57059
57060
57061
57062
57063
57064
57088
57089
57090
57091
57092
57093
57094
57095
57096
57097
57098
57122
57123
57124
57125
57126
57127
57128
57129
57130
57131
57155
57156
57157
57158
57159
57160
57161
57162
57163
57164
57165
57189
57190
57191
57192
57193
57194
57195
57196
57197
57198
57222
57223
57224
57225
57226
57227
57228
57229
57230
57231
57332
57356
57357
57358
57359
57360
57361
57362
57363
57364
57365
57389
57390
57391
57392
57393
57394
57395
57396
57397
57398
57399
57423
57424
57425
57426
57427
57428
57429
57430
57431
57432
57456
57457
57458
57459
57460
57461
57462
57463
57464
57465
57466
57489
57656
57657
57658
57659
57660
57661
57662
57663
57664
57665
57666
57690
57691
57692
57693
57694
57695
57696
57697
57698
57699
57756
57757
57758
57759
57760
57761
57762
57763
57764
57765
57766
57790
57791
57792
57793
57794
57795
57796
57797
57798
57799
57890
57891
57892
57893
57894
57895
57896
57897
57898
57899
57900
57924
57925
57926
57927
57928
57929
57930
57931
57932
57933
57957
57958
57959
57960
57961
57962
57963
57964
57965
57966
57967
57990
58034
58058
58059
58060
58061
58062
58063
58064
58065
58066
58067
58091
58092
58093
58094
58095
58096
58097
58098
58099
58100
58124
58125
58126
58127
58128
58129
58130
58131
58132
58133
58134
58158
58159
58160
58161
58162
58163
58164
58165
58166
58167
58191
58192
58193
58194
58195
58196
58197
58198
58199
58200
58291
58292
58293
58294
58295
58296
58297
58298
58299
58300
58301
58325
58326
58327
58328
58329
58330
58331
58332
58333
58334
58358
58359
58360
