12
13
25
37
38
51
62
63
64
77
87
90
99
103
113
116
127
129
136
137
139
142
155
163
168
173
181
187
194
207
210
211
213
215
220
233
237
239
241
246
247
261
265
267
285
287
289
291
293
296
311
313
315
317
319
322
335
339
341
343
345
363
365
367
369
389
391
393
395
415
417
419
441
443
467
469
486
497
510
521
543
545
547
569
575
591
597
601
618
627
643
644
647
651
666
677
693
699
701
703
709
719
722
729
735
745
749
768
794
818
823
833
863
870
889
928
967
998
1017
1021
1045
1049
1069
1071
1073
1075
1089
1097
1099
1119
1125
1143
1145
1151
1167
1169
1171
1175
1177
1203
1225
1227
1247
1273
1299
1303
1305
1327
1329
1355
1377
1381
1383
1401
1425
1431
1451
1453
1475
1481
1483
1509
1511
1533
1535
1553
1557
1576
1577
1581
1603
1607
1609
1613
1633
1652
1678
1704
1759
1799
1825
1832
1851
1858
1882
1897
1901
1905
1923
1927
1933
1951
1953
1955
1957
1977
1979
1981
2003
2011
2031
2033
2035
2051
2053
2059
2061
2077
2081
2107
2111
2131
2133
2137
2161
2163
2191
2241
2261
2263
2267
2283
2287
2291
2293
2317
2337
2341
2343
2384
2385
2391
2395
2415
2417
2434
2441
2493
2495
2512
2536
2538
2565
2633
2640
2659
2685
2689
2709
2716
2763
2789
2791
2807
2809
2811
2813
2817
2835
2889
2913
2919
2937
2939
2943
2945
2973
3015
3017
3019
3021
3023
3045
3073
3091
3093
3099
3101
3115
3117
3123
3141
3145
3147
3149
3151
3167
3171
3175
3177
3193
3199
3225
3249
3253
3275
3344
3346
3347
3349
3353
3370
3377
3396
3403
3511
3537
3541
3567
3576
3595
3645
3647
3651
3669
3671
3695
3721
3725
3747
3749
3751
3769
3777
3779
3847
3855
3879
3881
3899
3901
3931
3949
3951
3957
3975
3979
3983
3999
4001
4025
4029
4035
4055
4057
4061
4085
4103
4109
4129
4133
4135
4153
4183
4189
4205
4213
4215
4231
4237
4254
4257
4280
4306
4309
4315
4333
4359
4401
4403
4408
4427
4434
4453
4455
4505
4507
4512
4529
4555
4559
4577
4581
4603
4607
4627
4629
4631
4685
4707
4713
4741
4757
4759
4763
4787
4791
4809
4813
4837
4839
4841
4883
4885
4887
4889
4893
4909
4917
4939
4941
4961
4965
4967
4969
4987
4991
4993
5011
5013
5039
5043
5065
5089
5091
5095
5115
5121
5165
5191
5217
5265
5291
5305
5317
5337
5339
5365
5383
5391
5409
5413
5441
5443
5461
5515
5519
5521
5539
5545
5547
5593
5597
5599
5615
5619
5623
5641
5669
5671
5719
5725
5749
5753
5769
5775
5801
5819
5821
5823
5827
5847
5849
5855
5875
5877
5879
5897
5899
5901
5905
5925
5927
5931
5949
5953
5970
5973
5975
5981
5997
5999
6077
6247
6275
6277
6323
6329
6345
6373
6381
6397
6399
6449
6457
6481
6499
6507
6525
6527
6551
6555
6577
6583
6585
6607
6609
6635
6637
6659
6661
6679
6681
6687
6705
6709
6713
6729
6733
6735
6737
6755
6757
6763
6783
6807
6809
6811
6835
6861
6917
6932
6935
6961
7036
7101
7111
7127
7133
7135
7151
7183
7187
7205
7207
7209
7231
7237
7255
7263
7281
7287
7291
7307
7309
7311
7337
7341
7359
7361
7367
7383
7385
7391
7393
7415
7441
7443
7465
7491
7495
7513
7517
7563
7565
7569
7571
7589
7593
7595
7597
7615
7619
7643
7645
7665
7667
7669
7673
7695
7697
7721
7790
7819
7913
7937
7939
7943
7983
7989
7993
7995
8019
8035
8043
8045
8065
8089
8097
8119
8123
8139
8141
8147
8171
8175
8191
8193
8199
8217
8219
8225
8245
8269
8277
8293
8295
8299
8321
8327
8349
8351
8353
8371
8399
8401
8403
8405
8421
8425
8427
8447
8449
8453
8455
8457
8475
8481
8507
8533
8551
8553
8559
8579
8585
8778
8801
8821
8825
8827
8830
8847
8849
8873
8877
8879
8895
8897
8901
8919
8923
8929
8931
8951
8973
8997
8999
9003
9023
9051
9055
9057
9077
9083
9101
9103
9105
9107
9109
9129
9135
9153
9159
9161
9179
9183
9187
9205
9207
9209
9233
9237
9261
9279
9289
9337
9339
9357
9365
9385
9411
9435
9437
9441
9459
9469
9607
9609
9629
9636
9655
9659
9683
9703
9705
9714
9731
9735
9757
9759
9781
9807
9809
9813
9859
9887
9907
9909
9913
9915
9933
9941
9943
9959
9961
9967
9985
9991
10017
10019
10035
10037
10043
10045
10061
10063
10089
10093
10113
10121
10139
10141
10143
10145
10149
10173
10193
10195
10197
10199
10215
10221
10241
10243
10249
10269
10271
10297
10301
10319
10325
10343
10509
10513
10561
10567
10591
10615
10619
10621
10639
10641
10645
10647
10697
10699
10719
10723
10771
10775
10791
10793
10825
10849
10851
10869
10921
10927
10947
10973
10999
11001
11003
11005
11049
11053
11057
11073
11079
11083
11105
11107
11109
11129
11133
11151
11153
11155
11175
11177
11187
11207
11227
11253
11255
11305
11393
11399
11403
11404
11425
11445
11453
11471
11477
11481
11501
11521
11523
11525
11531
11581
11601
11603
11607
11625
11655
11657
11659
11681
11685
11703
11711
11731
11733
11735
11761
11763
11811
11813
11829
11835
11839
11865
11885
11889
11911
11917
11933
11935
11939
11941
11965
11983
11985
12013
12061
12065
12110
12163
12235
12238
12257
12264
12283
12285
12287
12309
12311
12335
12337
12355
12361
12363
12365
12387
12411
12431
12433
12437
12467
12491
12511
12545
12565
12567
12569
12613
12621
12641
12643
12689
12691
12741
12743
12745
12749
12765
12769
12771
12773
12775
12791
12817
12825
12849
12869
12871
12877
12899
12903
12919
12921
12945
12949
12968
12997
13023
13119
13125
13143
13161
13169
13171
13193
13221
13223
13245
13249
13263
13269
13271
13297
13315
13325
13343
13367
13377
13395
13399
13421
13447
13451
13471
13503
13525
13531
13549
13553
13557
13577
13597
13599
13607
13623
13625
13631
13653
13655
13659
13701
13707
13709
13753
13757
13781
13785
13803
13813
13839
13904
13973
13999
14001
14027
14071
14073
14075
14079
14097
14103
14123
14125
14177
14183
14199
14201
14207
14233
14251
14259
14277
14279
14281
14283
14285
14303
14305
14307
14329
14333
14337
14339
14379
14381
14409
14411
14413
14439
14461
14465
14467
14489
14491
14509
14511
14537
14539
14543
14565
14587
14595
14611
14637
14641
14643
14663
14665
14689
14697
14765
14840
14863
14866
14885
14911
14931
14935
14937
14961
14963
14987
15013
15017
15039
15043
15059
15067
15085
15113
15141
15171
15189
15195
15221
15223
15239
15267
15269
15289
15295
15315
15317
15323
15325
15349
15367
15371
15373
15375
15393
15397
15399
15423
15425
15443
15445
15451
15453
15469
15477
15497
15531
15551
15557
15597
15623
15649
15717
15737
15743
15771
15793
15797
15815
15819
15847
15867
15895
15917
15927
15947
15951
15969
15995
16019
16025
16029
16045
16047
16053
16077
16099
16123
16127
16131
16151
16155
16157
16179
16181
16183
16199
16201
16203
16205
16227
16251
16255
16259
16277
16281
16283
16305
16307
16309
16327
16329
16355
16363
16379
16385
16407
16435
16483
16543
16559
16608
16653
16655
16679
16697
16699
16725
16727
16731
16749
16751
16757
16759
16781
16811
16827
16833
16835
16853
16861
16881
16885
16887
16905
16907
16909
16935
16937
16957
16959
16961
16963
16989
16991
17007
17037
17041
17059
17063
17083
17091
17093
17109
17111
17115
17117
17119
17139
17141
17143
17161
17163
17167
17169
17189
17195
17213
17219
17241
17243
17265
17271
17295
17323
17341
17492
17507
17537
17539
17559
17563
17565
17617
17633
17635
17643
17663
17665
17687
17713
17717
17771
17773
17789
17823
17841
17843
17845
17849
17873
17875
17897
17919
17923
17925
17969
17977
17999
18021
18023
18025
18053
18071
18073
18075
18097
18101
18103
18105
18123
18125
18147
18149
18153
18175
18179
18201
18225
18323
18337
18415
18423
18443
18449
18451
18469
18473
18477
18495
18501
18503
18519
18521
18523
18529
18551
18597
18605
18621
18625
18647
18653
18655
18679
18701
18705
18729
18731
18751
18757
18777
18783
18801
18803
18807
18809
18827
18831
18833
18835
18837
18853
18857
18877
18887
18903
18905
18909
18911
18913
18929
18933
18935
18983
19007
19009
19015
19057
19065
19093
19132
19171
19213
19234
19247
19249
19253
19257
19279
19299
19307
19309
19327
19331
19333
19335
19351
19353
19355
19383
19385
19405
19429
19431
19433
19435
19455
19487
19515
19533
19535
19537
19559
19561
19563
19583
19591
19609
19615
19635
19639
19641
19643
19665
19669
19685
19719
19721
19739
19767
19769
19787
19795
19813
19843
19869
19899
19925
19947
19967
20003
20085
20133
20159
20167
20183
20185
20187
20191
20193
20211
20219
20243
20289
20319
20321
20339
20343
20347
20369
20391
20393
20395
20397
20415
20421
20425
20441
20475
20499
20519
20527
20549
20551
20553
20577
20579
20595
20597
20601
20603
20625
20649
20651
20653
20655
20673
20679
20701
20705
20707
20723
20725
20731
20733
20753
20757
20775
20801
20949
20991
20997
20999
21023
21049
21067
21075
21093
21121
21123
21127
21145
21155
21201
21203
21223
21229
21257
21277
21281
21301
21303
21331
21333
21353
21355
21359
21387
21403
21411
21429
21433
21435
21437
21453
21459
21481
21483
21485
21487
21489
21505
21511
21513
21515
21531
21533
21535
21539
21559
21561
21563
21583
21585
21589
21639
21659
21747
21823
21851
21901
21903
21907
21927
21929
21935
21937
21957
21959
21961
21979
21981
21987
22005
22029
22031
22033
22037
22039
22061
22063
22083
22107
22109
22111
22113
22115
22137
22139
22141
22143
22165
22185
22189
22191
22195
22211
22215
22219
22235
22237
22239
22241
22245
22287
22293
22315
22317
22319
22339
22371
22373
22391
22393
22395
22399
22425
22449
22471
22473
22475
22495
22521
22523
22553
22618
22707
22711
22743
22763
22787
22789
22793
22795
22813
22819
22821
22845
22873
22913
22915
22921
22923
22941
22965
22973
22997
22999
23023
23049
23051
23071
23077
23095
23101
23121
23125
23151
23173
23175
23229
23231
23247
23249
23253
23257
23279
23301
23303
23307
23325
23333
23351
23359
23375
23403
23405
23411
23453
23573
23593
23601
23645
23649
23651
23669
23697
23701
23723
23727
23729
23747
23757
23775
23781
23797
23799
23801
23803
23805
23823
23833
23851
23855
23879
23883
23907
23927
23935
23953
23957
23959
23985
23987
24005
24007
24009
24011
24013
24033
24059
24061
24063
24081
24083
24087
24111
24133
24135
24141
24157
24161
24163
24167
24183
24185
24187
24191
24193
24209
24213
24263
24317
24347
24435
24477
24481
24503
24507
24511
24513
24531
24535
24537
24553
24555
24557
24559
24563
24585
24589
24641
24685
24687
24689
24713
24717
24735
24741
24761
24763
24765
24767
24769
24837
24871
24889
24895
24921
24923
24939
24941
24965
24967
24971
24993
24997
24999
25025
25043
25049
25067
25071
25073
25077
25093
25103
25119
25145
25153
25205
25231
25270
25291
25317
25341
25361
25387
25391
25393
25395
25397
25413
25443
25465
25467
25497
25515
25523
25549
25567
25569
25571
25593
25597
25623
25651
25653
25675
25677
25679
25697
25703
25725
25729
25745
25779
25781
25797
25801
25825
25859
25877
25879
25883
25901
25903
25905
25909
25929
25933
25951
25955
25959
26029
26154
26173
26193
26203
26227
26247
26253
26275
26277
26307
26327
26329
26351
26375
26403
26435
26457
26461
26485
26511
26537
26561
26563
26579
26585
26607
26613
26641
26657
26659
26683
26689
26709
26715
26733
26737
26739
26761
26769
26785
26789
26791
26813
26815
26835
26863
27014
27077
27085
27105
27107
27135
27137
27139
27159
27183
27185
27187
27191
27213
27217
27233
27235
27241
27261
27283
27287
27315
27317
27319
27335
27371
27387
27389
27393
27395
27419
27439
27443
27445
27463
27465
27489
27493
27497
27523
27541
27545
27569
27571
27575
27593
27595
27597
27601
27621
27623
27627
27643
27647
27671
27679
27747
27753
27799
27885
27911
27937
27945
27961
27969
27987
27989
28015
28019
28021
28023
28041
28045
28047
28065
28067
28069
28073
28093
28097
28117
28119
28123
28125
28127
28145
28147
28151
28169
28171
28177
28193
28197
28199
28201
28203
28225
28247
28251
28253
28271
28275
28277
28279
28295
28299
28303
28305
28327
28349
28355
28379
28381
28383
28401
28403
28409
28425
28451
28457
28479
28481
28501
28507
28527
28553
28561
28581
28609
28639
28730
28749
28799
28827
28831
28855
28871
28875
28877
28899
28905
28925
28927
28931
28933
28951
28977
28985
29007
29009
29035
29055
29061
29079
29081
29085
29103
29109
29129
29135
29137
29161
29181
29187
29207
29215
29233
29235
29239
29257
29259
29285
29289
29291
29293
29311
29333
29339
29343
29363
29365
29367
29369
29387
29411
29413
29419
29421
29439
29441
29447
29463
29467
29491
29497
29515
29588
29637
29663
29705
29711
29713
29731
29757
29785
29787
29789
29811
29813
29835
29837
29841
29861
29867
29893
29911
29913
29915
29941
29963
29967
29971
29989
29995
30015
30021
30023
30039
30045
30049
30071
30099
30121
30147
30149
30167
30169
30175
30197
30203
30223
30225
30249
30273
30275
30305
30325
30327
30351
30355
30373
30383
30539
30567
30569
30573
30591
30595
30619
30621
30623
30649
30669
30673
30675
30695
30727
30745
30749
30753
30769
30771
30777
30779
30795
30801
30829
30847
30871
30879
30881
30897
30899
30907
30925
30931
30933
30951
30955
30977
30979
30981
30983
31001
31005
31007
31033
31035
31053
31055
31057
31059
31061
31079
31083
31087
31103
31113
31129
31137
31139
31155
31157
31181
31209
31241
31306
31332
31421
31423
31427
31429
31431
31447
31449
31453
31455
31475
31483
31503
31509
31531
31553
31557
31559
31575
31579
31583
31585
31611
31627
31629
31631
31633
31657
31659
31663
31681
31685
31707
31711
31713
31765
31785
31789
31807
31817
31837
31839
31841
31867
31885
31891
31911
31913
31915
31937
31943
31965
31969
31987
31993
32013
32019
32037
32043
32091
32117
32125
32263
32287
32339
32341
32363
32365
32385
32387
32393
32409
32411
32419
32437
32439
32461
32513
32521
32545
32563
32589
32591
32595
32619
32621
32641
32647
32671
32691
32693
32699
32717
32723
32725
32727
32743
32745
32749
32777
32793
32795
32797
32799
32801
32819
32825
32847
32853
32875
32901
32925
32927
32949
32951
32975
32979
33001
33027
33097
33139
33149
33165
33175
33191
33199
33215
33225
33243
33245
33249
33269
33277
33293
33321
33327
33345
33347
33351
33355
33371
33375
33379
33401
33405
33425
33429
33447
33453
33455
33473
33479
33481
33483
33499
33503
33507
33531
33555
33557
33581
33585
33601
33607
33609
33627
33637
33653
33655
33657
33659
33661
33683
33705
33711
33713
33731
33737
33757
33759
33765
33781
33787
33789
33835
33945
34029
34031
34051
34059
34083
34109
34131
34153
34155
34157
34187
34213
34239
34261
34281
34283
34289
34333
34341
34359
34363
34365
34367
34411
34417
34469
34487
34491
34493
34495
34511
34513
34515
34517
34539
34541
34543
34545
34547
34563
34565
34593
34595
34613
34617
34619
34621
34623
34643
34669
34671
34693
34719
34881
34907
34933
34941
34961
34967
34969
34987
34989
34991
34993
34995
35017
35035
35037
35041
35043
35061
35063
35069
35089
35091
35115
35117
35141
35143
35165
35167
35173
35175
35225
35245
35247
35271
35273
35277
35293
35295
35299
35325
35327
35351
35353
35369
35375
35377
35395
35397
35423
35427
35429
35447
35451
35453
35501
35529
35553
35555
35650
35715
35745
35769
35797
35799
35801
35817
35819
35821
35825
35827
35843
35849
35853
35875
35877
35919
35923
35925
35947
35953
35981
35999
36007
36027
36029
36031
36033
36049
36053
36055
36075
36083
36101
36103
36129
36133
36151
36153
36157
36185
36187
36205
36209
36211
36231
36259
36263
36281
36283
36289
36309
36331
36333
36337
36341
36357
36389
36407
36409
36511
36560
36631
36633
36636
36677
36685
36711
36733
36735
36737
36757
36781
36809
36813
36831
36833
36883
36887
36935
36961
36991
37009
37035
37041
37043
37063
37093
37113
37115
37117
37119
37123
37137
37139
37141
37143
37191
37195
37197
37217
37223
37225
37247
37297
37347
37349
37392
37431
37483
37485
37489
37509
37515
37535
37541
37561
37565
37585
37595
37613
37621
37641
37643
37663
37665
37669
37693
37695
37697
37719
37721
37739
37745
37749
37765
37767
37771
37775
37795
37799
37823
37843
37845
37851
37869
37873
37893
37901
37929
37945
37947
37949
37977
37979
37999
38001
38025
38027
38029
38049
38053
38055
38059
38079
38105
38125
38131
38157
38161
38200
38302
38369
38373
38380
38421
38471
38475
38497
38505
38523
38547
38553
38579
38607
38625
38627
38631
38633
38649
38651
38659
38681
38683
38685
38701
38707
38727
38733
38737
38757
38761
38781
38785
38787
38803
38805
38829
38835
38855
38857
38861
38863
38865
38909
38911
38935
38937
38939
38941
38961
38965
38967
38985
38993
39009
39011
39019
39035
39037
39069
39087
39139
39175
39199
39225
39235
39259
39305
39311
39335
39339
39357
39361
39383
39407
39431
39433
39441
39459
39461
39515
39535
39543
39561
39569
39593
39595
39613
39617
39641
39643
39665
39669
39697
39721
39741
39749
39769
39771
39775
39797
39817
39819
39823
39825
39845
39847
39849
39851
39871
39873
39875
39895
39897
39899
39901
39903
39927
39929
40089
40109
40111
40161
40191
40217
40219
40221
40245
40247
40265
40267
40289
40291
40297
40299
40317
40319
40321
40341
40351
40367
40369
40371
40425
40453
40475
40495
40499
40501
40503
40505
40523
40527
40529
40551
40557
40575
40577
40579
40581
40599
40623
40631
40651
40659
40701
40709
40735
40759
40761
40783
40839
40904
40973
40975
40977
40993
41019
41029
41049
41071
41073
41077
41079
41097
41105
41123
41129
41151
41155
41183
41199
41201
41203
41207
41209
41229
41233
41251
41261
41277
41281
41283
41307
41333
41335
41337
41361
41387
41409
41411
41433
41439
41441
41459
41463
41491
41509
41515
41517
41535
41539
41543
41561
41563
41565
41569
41589
41593
41611
41613
41617
41645
41667
41671
41691
41721
41775
41829
41879
41881
41883
41903
41907
41909
41929
41933
41935
41937
41939
41957
41963
41981
41983
41985
41987
41989
42007
42013
42015
42033
42065
42085
42089
42091
42111
42113
42137
42139
42145
42163
42167
42169
42171
42189
42191
42193
42195
42217
42221
42239
42243
42247
42273
42291
42295
42321
42323
42325
42347
42349
42373
42375
42395
42399
42401
42421
42423
42425
42453
42469
42475
42555
42667
42687
42693
42711
42737
42739
42741
42743
42745
42761
42763
42771
42791
42797
42815
42847
42873
42893
42899
42921
42947
42949
42971
42973
42995
43001
43025
43029
43047
43073
43081
43099
43103
43133
43147
43149
43153
43157
43177
43179
43181
43199
43201
43203
43205
43225
43227
43229
43231
43255
43261
43281
43303
43305
43307
43309
43331
43335
43431
43543
43569
43601
43629
43647
43653
43677
43679
43705
43723
43727
43759
43777
43779
43783
43803
43827
43855
43857
43859
43887
43905
43913
43929
43933
43937
43939
43957
43963
43965
43983
43987
43989
44009
44013
44037
44041
44043
44057
44061
44067
44085
44087
44093
44109
44111
44143
44161
44165
44167
44171
44191
44215
44221
44243
44273
44299
44349
44403
44429
44453
44455
44481
44485
44509
44511
44513
44515
44537
44559
44589
44591
44613
44617
44635
44639
44643
44663
44665
44691
44719
44737
44763
44765
44769
44771
44773
44813
44823
44839
44841
44845
44849
44867
44899
44947
44949
44969
44973
44977
44997
44999
45001
45003
45025
45029
45045
45049
45075
45081
45097
45105
45131
45183
45274
45293
45317
45339
45343
45345
45350
45365
45373
45389
45391
45397
45415
45417
45419
45425
45443
45447
45449
45475
45495
45501
45503
45519
45521
45523
45525
45549
45551
45575
45579
45595
45597
45599
45601
45605
45625
45627
45629
45653
45655
45673
45701
45705
45729
45759
45775
45777
45779
45785
45801
45805
45807
45829
45831
45835
45855
45859
45889
45903
45907
45913
45931
45933
45963
45981
46132
46171
46201
46249
46253
46255
46277
46299
46303
46305
46307
46325
46327
46335
46351
46353
46361
46379
46381
46385
46411
46431
46435
46459
46461
46481
46489
46509
46513
46531
46535
46537
46561
46563
46567
46583
46589
46591
46611
46617
46633
46635
46641
46667
46669
46685
46691
46711
46713
46739
46745
46761
46765
46769
46791
46819
46823
46843
46849
46873
46875
46925
46951
46977
47003
47005
47055
47059
47085
47089
47091
47109
47115
47135
47161
47165
47185
47187
47191
47209
47213
47215
47245
47261
47263
47265
47269
47287
47295
47319
47321
47337
47371
47391
47395
47417
47419
47425
47451
47471
47475
47477
47495
47497
47527
47543
47547
47553
47575
47577
47579
47599
47623
47625
47627
47629
47649
47651
47657
47675
47679
47681
47705
47731
47783
47893
47965
47967
47969
47973
47991
47993
47997
48019
48101
48121
48127
48129
48145
48147
48175
48177
48179
48181
48199
48201
48203
48229
48233
48257
48259
48281
48283
48325
48331
48351
48353
48355
48357
48361
48385
48405
48409
48411
48459
48461
48481
48487
48489
48511
48515
48535
48537
48557
48559
48561
48563
48565
48583
48591
48630
48641
48669
48721
48779
48797
48825
48829
48831
48855
48875
48881
48883
48905
48927
48931
48933
48955
48961
48981
49007
49011
49035
49039
49057
49063
49065
49083
49085
49109
49115
49137
49141
49159
49161
49165
49185
49187
49191
49193
49217
49237
49265
49267
49293
49315
49317
49319
49321
49337
49347
49363
49367
49371
49373
49393
49395
49399
49419
49423
49445
49449
49451
49467
49471
49495
49553
49579
49631
49657
49687
49713
49787
49791
49795
49817
49841
49863
49867
49889
49897
49915
49967
49993
49997
49999
50001
50025
50073
50077
50099
50103
50119
50125
50129
50155
50177
50199
50203
50255
50273
50281
50283
50299
50303
50309
50329
50355
50381
50383
50387
50427
50433
50437
50476
50567
50573
50593
50597
50599
50645
50649
50653
50669
50673
50695
50705
50731
50749
50755
50777
50781
50803
50805
50807
50823
50831
50851
50855
50859
50877
50879
50883
50901
50905
50929
50963
51033
51037
51055
51057
51059
51061
51081
51085
51087
51089
51091
51107
51111
51115
51135
51157
51193
51235
51269
51347
51373
51401
51433
51451
51455
51457
51461
51481
51483
51487
51505
51509
51529
51531
51537
51553
51579
51583
51587
51607
51611
51615
51633
51659
51661
51683
51685
51689
51691
51739
51741
51743
51763
51769
51787
51789
51793
51795
51813
51817
51819
51843
51847
51869
51871
51891
51893
51895
51913
51915
51919
51923
51941
51947
51969
51971
51993
51995
51999
52001
52043
52045
52047
52049
52071
52075
52103
52119
52145
52151
52257
52311
52335
52337
52341
52343
52359
52369
52389
52391
52421
52439
52471
52489
52495
52517
52521
52525
52543
52545
52547
52567
52575
52593
52599
52601
52625
52643
52649
52653
52671
52679
52697
52699
52703
52727
52729
52753
52755
52757
52775
52777
52779
52799
52803
52807
52825
52827
52829
52833
52855
52859
52877
52879
52881
52909
52927
52931
52935
52953
52959
52983
53005
53011
53154
53167
53175
53195
53201
53221
53223
53225
53227
53245
53247
53251
53275
53279
53301
53303
53305
53331
53349
53377
53381
53383
53405
53431
53433
53453
53455
53457
53479
53487
53511
53555
53559
53579
53587
53589
53607
53661
53663
53665
53667
53683
53687
53689
53691
53709
53713
53715
53743
53769
53791
53793
53815
53821
53837
53843
53975
53981
54007
54033
54057
54061
54083
54087
54113
54131
54133
54137
54159
54185
54209
54241
54259
54283
54285
54293
54335
54341
54343
54369
54371
54389
54415
54421
54423
54467
54469
54471
54495
54519
54545
54547
54567
54569
54571
54573
54577
54595
54597
54627
54645
54673
54675
54699
54723
54725
54747
54773
54833
54887
54911
54913
54921
54937
54943
54947
54963
54997
55013
55023
55039
55045
55067
55073
55091
55093
55095
55097
55099
55121
55123
55143
55145
55147
55149
55169
55173
55175
55179
55195
55203
55223
55227
55229
55245
55249
55255
55277
55279
55297
55301
55303
55321
55351
55353
55355
55357
55379
55381
55405
55407
55425
55429
55431
55451
55453
55455
55459
55477
55483
55509
55511
55529
55533
55563
55611
55637
55639
55691
55756
55769
55771
55777
55795
55797
55799
55823
55825
55827
55829
55851
55875
55899
55905
55923
55929
55931
55949
55975
55977
55979
55981
55985
56003
56005
56007
56009
56027
56033
56059
56061
56063
56079
56107
56109
56111
56113
56131
56133
56157
56159
56163
56165
56183
56185
56187
56189
56213
56233
56237
56263
56267
56287
56289
56293
56311
56313
56315
56317
56339
56341
56343
56365
56367
56371
56389
56393
56421
56633
56657
56679
56681
56685
56687
56711
56785
56809
56815
56817
56835
56843
56859
56867
56887
56889
56891
56913
56945
56947
56971
56991
57013
57019
57023
57041
57045
57049
57069
57075
57091
57097
57099
57101
57117
57119
57123
57149
57171
57173
57177
57193
57201
57203
57223
57227
57229
57245
57253
57275
57277
57279
57349
57383
57409
57435
57467
57511
57537
57539
57541
57543
57567
57569
57591
57595
57597
57619
57641
57647
57651
57669
57671
57673
57675
57691
57721
57727
57747
57749
57751
57769
57779
57797
57801
57823
57827
57829
57851
57875
57879
57881
57901
57905
57925
57931
57933
57949
57953
57957
57975
57979
58003
58007
58033
58055
58081
58083
58107
58135
58137
58139
58163
58215
58241
58267
58306
58323
58379
58399
58423
58425
58429
58431
58449
58451
58457
58475
58477
58479
58499
58501
58533
58553
58559
58577
58579
58585
58609
58611
58627
58633
58637
58653
58659
58661
58685
58687
58707
58709
58711
58713
58783
58787
58793
58837
58863
58865
58869
58889
58915
58939
58943
58965
58993
59013
59015
59019
59023
59049
59099
59125
59179
59190
59205
59216
59263
59285
59287
59311
59333
59337
59363
59383
59385
59393
59411
59415
59419
59435
59461
59463
59469
59471
59495
59511
59515
59519
59537
59539
59543
59565
59571
59589
59591
59593
59595
59597
59615
59621
59645
59647
59671
59675
59677
59693
59701
59727
59745
59747
59751
59753
59769
59775
59795
59799
59801
59803
59825
59829
59851
59855
59873
59879
59907
59949
60061
60087
60093
60119
60139
60143
60173
60175
60193
60197
60217
60223
60245
60275
60295
60297
60303
60347
60349
60355
60403
60427
60431
60449
60455
60475
60483
60505
60507
60557
60559
60577
60579
60585
60611
60637
60653
60655
60661
60681
60709
60711
60713
60733
60741
60759
60867
60869
60893
60945
61025
61031
61033
61049
61059
61075
61079
61085
61099
61127
61153
61155
61185
61205
61211
61231
61259
61263
61265
61283
61285
61307
61309
61317
61333
61337
61341
61357
61363
61365
61367
61385
61393
61411
61415
61441
61443
61445
61463
61495
61497
61521
61539
61541
61545
61567
61569
61571
61573
61591
61599
61615
61621
61643
61647
61649
61673
61699
61727
61857
61881
61887
61911
61913
61933
61935
61939
61965
61993
62013
62017
62037
62039
62067
62069
62071
62091
62121
62123
62141
62143
62145
62167
62173
62193
62219
62223
62245
62247
62249
62269
62301
62303
62329
62345
62351
62353
62377
62399
62403
62405
62429
62451
62455
62457
62473
62477
62481
62505
62529
62559
62611
62637
62643
62689
62693
62717
62721
62741
62767
62793
62795
62799
62801
62821
62843
62845
62847
62851
62877
62879
62895
62899
62905
62919
62927
62929
62951
62973
62977
62979
62999
63003
63005
63025
63053
63057
63105
63111
63127
63135
63153
63183
63187
63207
63209
63213
63235
63239
63257
63261
63285
63289
63315
63335
63339
63389
63391
63547
63577
63579
63603
63607
63627
63631
63651
63657
63675
63683
63685
63711
63753
63755
63757
63807
63811
63813
63837
63861
63867
63881
63883
63885
63889
63891
63909
63917
63935
63959
63961
63963
63965
63967
63985
64011
64019
64037
64039
64045
64065
64091
64097
64115
64119
64121
64143
64145
64147
64165
64191
64193
64215
64217
64219
64223
64225
64273
64277
64444
64459
64463
64483
64485
64489
64509
64537
64539
64541
64543
64561
64563
64569
64589
64617
64619
64621
64637
64645
64669
64691
64693
64695
64697
64715
64719
64747
64749
64767
64771
64795
64799
64801
64817
64845
64847
64851
64901
64905
64919
64921
64925
64929
64949
64953
64971
64975
64977
65005
65023
65029
65051
65053
65079
65081
65133
65135
65157
65161
65209
65211
65237
65315
65319
65349
65371
65393
65401
65421
65445
65447
65451
65453
65479
65497
65505
65521
65525
65531
65603
65625
65627
65631
65633
65651
65655
65677
65707
65729
65731
65735
65737
65753
65761
65787
65833
65837
65859
65861
65883
65889
65907
65911
65941
65965
65967
65985
65993
66017
66045
66147
66173
66183
66201
66225
66229
66231
66233
66253
66255
66261
66279
66281
66283
66307
66309
66329
66337
66357
66361
66383
66389
66407
66411
66415
66431
66433
66435
66439
66441
66463
66483
66489
66491
66509
66517
66539
66543
66545
66561
66569
66593
66617
66619
66621
66637
66641
66643
66665
66669
66673
66697
66717
66743
66747
66749
66769
66773
66795
66823
66845
66877
66994
67020
67037
67061
67063
67067
67085
67087
67109
67117
67121
67137
67141
67193
67221
67241
67245
67247
67249
67271
67275
67295
67297
67319
67347
67351
67369
67377
67393
67395
67429
67445
67451
67473
67497
67523
67531
67553
67557
67577
67579
67581
67599
67601
67605
67607
67609
67625
67631
67633
67649
67651
67659
67677
67683
67685
67701
67737
67813
67815
67841
67891
67943
67945
67949
67951
67977
67993
67999
68019
68021
68025
68027
68029
68045
68047
68049
68051
68079
68099
68101
68129
68151
68153
68157
68177
68181
68183
68185
68201
68209
68227
68229
68231
68255
68257
68259
68261
68287
68305
68309
68311
68331
68337
68339
68357
68361
68387
68407
68411
68433
68435
68439
68457
68461
68463
68465
68487
68493
68511
68513
68539
68541
68543
68565
68725
68807
68829
68833
68853
68881
68887
68907
68935
68965
68989
68993
69007
69009
69033
69039
69059
69061
69063
69069
69085
69091
69113
69117
69121
69135
69143
69169
69189
69195
69213
69217
69219
69221
69243
69267
69269
69273
69293
69295
69317
69319
69323
69325
69341
69345
69349
69369
69373
69397
69399
69423
69425
69427
69665
69689
69691
69693
69711
69715
69739
69745
69747
69765
69791
69815
69843
69847
69893
69899
69925
69949
69951
69953
69969
69975
69979
69995
69997
70001
70025
70029
70047
70049
70053
70097
70103
70105
70123
70131
70151
70177
70183
70203
70205
70207
70231
70235
70253
70255
70283
70287
70311
70331
70337
70363
70439
70493
70547
70549
70553
70571
70573
70579
70605
70623
70627
70629
70649
70653
70683
70701
70703
70707
70751
70757
70781
70783
70785
70801
70833
70859
70881
70887
70907
70911
70913
70931
70937
70961
70991
71007
71009
71011
71035
71039
71063
71065
71067
71085
71089
71113
71117
71141
71143
71145
71165
71167
71169
71243
71247
71299
71325
71383
71403
71409
71431
71457
71479
71481
71487
71509
71533
71535
71541
71565
71567
71611
71613
71615
71617
71641
71645
71667
71669
71689
71691
71719
71743
71745
71747
71763
71799
71815
71821
71823
71841
71867
71869
71893
71895
71901
71951
71953
71977
71979
71997
72001
72003
72025
72029
72079
72133
72183
72237
72241
72248
72265
72269
72293
72313
72341
72343
72365
72373
72393
72417
72421
72443
72447
72449
72451
72475
72493
72501
72519
72521
72523
72529
72551
72571
72573
72575
72579
