1
3
4
5
6
8
10
12
17
21
23
28
32
34
39
43
48
52
54
59
63
68
72
74
79
83
98
99
101
110
114
121
125
132
136
139
143
145
152
161
165
172
176
187
192
196
201
205
212
216
223
227
232
234
236
243
247
252
256
258
274
278
283
285
287
294
298
314
318
325
329
340
343
347
349
356
374
376
378
385
389
396
400
405
409
416
420
425
427
429
438
447
451
456
460
462
467
471
482
493
507
511
518
522
547
549
551
558
560
562
569
573
578
580
582
591
609
613
620
624
660
664
666
686
691
695
711
715
722
726
731
735
737
742
746
762
764
766
784
788
813
817
819
835
839
864
868
886
915
917
919
937
941
946
950
966
970
1017
1021
1023
1028
1032
1037
1039
1041
1048
1052
1068
1072
1119
1121
1123
1130
1134
1150
1154
1170
1174
1210
1214
1216
1227
1252
1256
1272
1276
1314
1318
1323
1325
1327
1349
1374
1378
1414
1416
1418
1425
1429
1447
1451
1456
1460
1465
1469
1471
1527
1531
1549
1558
1562
1569
1573
1578
1582
1604
1609
1613
1618
1622
1624
1660
1664
1669
1671
1673
1680
1684
1702
1706
1722
1726
1731
1735
1762
1766
1782
1786
1804
1824
1828
1864
1868
1873
1877
1879
1926
1930
1935
1939
1966
1970
1977
1981
1986
1990
1995
1999
2001
2006
2010
2028
2032
2063
2079
2083
2099
2103
2130
2161
2181
2185
2190
2194
2201
2205
2210
2214
2283
2287
2298
2301
2305
2307
2318
2323
2327
2338
2343
2347
2385
2389
2394
2396
2398
2405
2409
2414
2416
2418
2425
2429
2436
2445
2449
2485
2487
2489
2496
2500
2507
2511
2527
2531
2536
2540
2547
2551
2573
2578
2582
2598
2602
2609
2613
2618
2622
2629
2633
2644
2658
2662
2664
2669
2671
2673
2680
2684
2689
2693
2695
2709
2711
2713
2720
2724
2731
2735
2740
2742
2744
2762
2766
2777
2793
2822
2826
2833
2837
2864
2868
2873
2875
2877
2924
2928
2930
2966
2970
3001
3006
3010
3015
3019
3021
3028
3052
3057
3061
3068
3072
3077
3081
3099
3103
3119
3123
3128
3132
3150
3159
3163
3168
3170
3172
3179
3183
3201
3221
3225
3256
3281
3285
3307
3312
3316
3323
3327
3332
3336
3354
3383
3387
3405
3414
3418
3425
3429
3460
3465
3469
3474
3478
3480
3516
3520
3527
3531
3536
3540
3558
3567
3571
3578
3582
3587
3591
3618
3622
3627
3629
3631
3638
3642
3664
3680
3684
3698
3702
3704
3709
3713
3720
3724
3740
3744
3762
3782
3786
3791
3795
3802
3806
3817
3837
3884
3888
3902
3904
3906
3915
3935
3939
3944
3948
3986
3990
3995
3999
4021
4026
4030
4035
4037
4039
4046
4050
4088
4092
4119
4128
4132
4148
4152
4190
4194
4199
4203
4225
4250
4254
4292
4301
4305
4323
4352
4356
4403
4407
4449
4505
4509
4547
4551
4556
4560
4607
4611
4649
4658
4662
4667
4671
4673
4678
4682
4704
4718
4722
4724
4729
4733
4760
4764
4771
4775
4789
4793
4795
4800
4802
4804
4820
4822
4824
4831
4835
4862
4866
4873
4877
4882
4886
4893
4897
4908
4913
4917
4928
4964
4968
4973
4975
4977
4984
4988
4995
4999
5004
5006
5008
5015
5019
5024
5026
5028
5061
5086
5090
5097
5101
5117
5121
5132
5137
5141
5146
5150
5152
5157
5159
5161
5188
5192
5199
5203
5208
5212
5219
5223
5230
5234
5250
5254
5265
5270
5274
5279
5283
5290
5294
5301
5305
5321
5325
5330
5332
5334
5352
5356
5361
5363
5365
5372
5376
5392
5396
5403
5407
5412
5416
5423
5427
5454
5458
5474
5478
5483
5487
5494
5498
5505
5509
5525
5529
5534
5538
5540
5545
5549
5556
5560
5565
5569
5576
5580
5596
5600
5607
5611
5616
5620
5627
5631
5638
5642
5658
5662
5678
5682
5687
5691
5698
5702
5709
5713
5729
5733
5738
5740
5742
5760
5764
5769
5773
5780
5784
5800
5804
5809
5811
5813
5831
5835
5862
5866
5882
5886
5891
5895
5902
5906
5933
5937
5942
5946
5962
5964
5966
5979
5993
5997
6004
6008
6035
6039
6064
6068
6070
6075
6077
6079
6095
6099
6106
6110
6137
6141
6146
6150
6168
6172
6197
6201
6208
6212
6217
6221
6223
6228
6232
6239
6243
6254
6259
6263
6268
6270
6272
6299
6303
6310
6314
6321
6325
6339
6341
6343
6352
6361
6365
6401
6405
6412
6416
6421
6423
6425
6458
6472
6476
6503
6507
6514
6518
6543
6547
6549
6554
6556
6558
6574
6578
6580
6585
6589
6605
6609
6616
6620
6625
6629
6631
6636
6640
6647
6651
6676
6678
6680
6687
6691
6696
6700
6702
6718
6722
6729
6733
6749
6753
6758
6762
6778
6782
6789
6793
6800
6804
6809
6813
6820
6824
6829
6831
6833
6849
6851
6853
6860
6864
6880
6884
6891
6895
6900
6902
6904
6911
6915
6922
6926
6962
6966
6982
6986
6993
6997
7013
7017
7024
7028
7033
7037
7064
7068
7084
7088
7095
7099
7104
7108
7110
7126
7130
7141
7146
7150
7166
7170
7186
7190
7197
7201
7208
7212
7217
7221
7228
7232
7237
7239
7241
7248
7252
7257
7261
7263
7288
7292
7294
7310
7314
7330
7334
7350
7354
7361
7365
7370
7374
7390
7392
7394
7412
7416
7421
7425
7432
7436
7441
7445
7452
7456
7461
7463
7465
7472
7476
7492
7496
7514
7518
7534
7538
7549
7574
7578
7594
7598
7616
7620
7625
7629
7636
7640
7645
7647
7649
7676
7680
7696
7700
7702
7707
7711
7716
7718
7720
7727
7731
7738
7742
7778
7782
7798
7800
7802
7809
7813
7829
7833
7840
7844
7849
7853
7880
7884
7900
7904
7911
7915
7920
7924
7926
7940
7942
7944
7951
7955
7982
7986
8002
8006
8013
8017
8024
8028
8033
8037
8053
8057
8079
8104
8108
8115
8119
8124
8126
8128
8135
8139
8144
8148
8150
8177
8181
8186
8190
8206
8210
8217
8221
8237
8241
8248
8252
8257
8261
8277
8279
8281
8288
8292
8308
8312
8319
8323
8328
8332
8339
8343
8348
8350
8352
8359
8363
8379
8383
8385
8410
8414
8421
8425
8441
8445
8461
8465
8481
8483
8485
8512
8516
8523
8527
8532
8536
8543
8547
8563
8567
8583
8587
8589
8594
8598
8603
8607
8609
8625
8629
8640
8665
8669
8685
8687
8689
8696
8700
8707
8711
8716
8720
8727
8731
8736
8738
8740
8767
8771
8787
8791
8793
8809
8813
8829
8833
8869
8873
8889
8891
8893
8909
8911
8913
8931
8935
8940
8944
8971
8975
8991
8995
9011
9015
9017
9022
9026
9033
9037
9073
9077
9093
9097
9113
9115
9117
9124
9128
9135
9139
9144
9148
9175
9179
9195
9199
9215
9219
9221
9237
9241
9277
9281
9297
9301
9303
9308
9312
9319
9323
9328
9332
9339
9343
9348
9352
9379
9383
9399
9401
9403
9410
9414
9419
9421
9423
9430
9434
9441
9445
9481
9485
9501
9505
9512
9516
9532
9536
9541
9543
9545
9583
9587
9603
9607
9614
9618
9623
9627
9629
9680
9705
9709
9716
9720
9727
9731
9736
9740
9745
9749
9751
9756
9760
9778
9782
9787
9791
9807
9811
9818
9822
9827
9829
9831
9838
9842
9849
9853
9880
9889
9893
9898
9902
9904
9920
9924
9940
9944
9949
9951
9953
9991
9995
10002
10006
10011
10015
10022
10026
10031
10035
10042
10046
10093
10097
10102
10104
10106
10113
10117
10124
10128
10139
10195
10199
10215
10219
10226
10230
10235
10237
10239
10297
10301
10306
10310
10312
10328
10332
10343
10348
10352
10357
10361
10363
10368
10372
10394
10408
10410
10412
10430
10434
10439
10441
10443
10450
10454
10461
10465
10492
10510
10514
10516
10521
10525
10532
10536
10552
10556
10561
10563
10565
10581
10585
10587
10592
10596
10612
10614
10616
10623
10627
10634
10638
10643
10647
10654
10658
10685
10689
10714
10718
10725
10729
10736
10740
10756
10760
10765
10769
10771
10776
10780
10785
10787
10789
10816
10820
10822
10836
10838
10840
10858
10862
10869
10873
10918
10920
10922
10960
10964
10969
10971
10973
11020
11024
11026
11031
11035
11062
11066
11091
11095
11097
11102
11106
11122
11124
11126
11133
11137
11142
11146
11148
11153
11157
11164
11168
11173
11177
11193
11195
11197
11204
11208
11224
11228
11235
11239
11246
11250
11264
11266
11268
11275
11279
11295
11299
11301
11326
11330
11337
11341
11346
11348
11350
11377
11381
11397
11399
11401
11428
11432
11439
11443
11479
11483
11499
11503
11505
11510
11514
11530
11534
11541
11545
11550
11554
11556
11561
11565
11581
11585
11587
11592
11596
11603
11612
11616
11632
11636
11643
11647
11654
11658
11683
11685
11687
11694
11698
11703
11707
11709
11734
11738
11745
11749
11754
11756
11758
11785
11789
11796
11800
11807
11836
11840
11847
11851
11876
11880
11882
11898
11902
11907
11911
11913
11918
11922
11938
11942
11949
11953
11958
11962
11964
11969
11973
11980
11984
11989
11993
12000
12004
12011
12020
12024
12040
12044
12051
12055
12062
12066
12082
12086
12102
12106
12111
12115
12117
12142
12146
12153
12157
12162
12164
12166
12184
12188
12193
12197
12204
12208
12215
12244
12248
12255
12259
12286
12290
12306
12310
12315
12319
12321
12326
12330
12335
12339
12341
12357
12361
12366
12370
12372
12377
12381
12386
12388
12390
12408
12412
12419
12428
12432
12439
12443
12448
12452
12459
12463
12470
12479
12483
12510
12514
12519
12523
12530
12534
12539
12541
12543
12550
12554
12561
12565
12570
12574
12581
12585
12590
12594
12596
12601
12605
12612
12616
12632
12636
12652
12656
12663
12667
12683
12687
12694
12698
12714
12718
12723
12727
12734
12738
12743
12747
12749
12765
12769
12774
12778
12785
12789
12794
12796
12798
12816
12820
12831
12845
12847
12849
12867
12871
12887
12891
12918
12922
12927
12929
12931
12947
12951
12953
12958
12962
12969
12973
12978
12982
12989
12993
12998
13002
13004
13009
13013
13020
13024
13035
13040
13044
13051
13055
13071
13075
13091
13095
13102
13106
13122
13126
13131
13133
13135
13142
13146
13151
13153
13155
13173
13177
13182
13186
13193
13197
13202
13204
13206
13222
13224
13226
13233
13237
13244
13248
13259
13264
13268
13275
13279
13295
13299
13335
13339
13346
13350
13355
13357
13359
13366
13370
13377
13381
13386
13390
13397
13401
13406
13410
13412
13417
13421
13426
13430
13432
13448
13452
13468
13472
13477
13479
13481
13488
13492
13499
13503
13510
13514
13530
13534
13539
13543
13550
13554
13559
13563
13570
13574
13590
13594
13601
13605
13610
13612
13614
13632
13636
13652
13656
13672
13676
13692
13696
13703
13707
13734
13738
13743
13747
13754
13758
13763
13767
13774
13778
13783
13787
13789
13805
13809
13814
13818
13836
13840
13856
13860
13871
13887
13891
13896
13900
13907
13911
13938
13942
13947
13951
13958
13962
13967
13969
13971
13989
13993
14009
14013
14018
14022
14040
14044
14060
14064
14091
14095
14100
14104
14109
14111
14113
14120
14124
14142
14146
14151
14155
14162
14166
14171
14175
14193
14197
14222
14226
14228
14233
14237
14242
14244
14246
14253
14257
14264
14268
14295
14299
14304
14308
14313
14317
14319
14326
14335
14339
14355
14359
14366
14370
14375
14379
14397
14401
14417
14421
14426
14430
14437
14441
14446
14450
14457
14461
14466
14468
14470
14477
14481
14499
14503
14508
14512
14519
14523
14539
14543
14559
14563
14579
14583
14601
14610
14614
14621
14625
14630
14634
14641
14645
14650
14654
14661
14665
14681
14685
14712
14716
14723
14727
14743
14747
14763
14767
14783
14787
14809
14825
14829
14834
14838
14845
14849
14854
14858
14865
14869
14874
14878
14880
14907
14911
14916
14920
14925
14927
14929
14936
14940
14947
14951
14962
14976
14978
14980
15009
15018
15022
15038
15042
15049
15053
15058
15060
15062
15078
15082
15084
15089
15093
15115
15129
15133
15135
15151
15155
15166
15171
15175
15182
15186
15213
15231
15233
15235
15253
15257
15262
15264
15266
15273
15277
15284
15288
15293
15297
15355
15359
15375
15379
15384
15386
15388
15395
15399
15457
15461
15466
15470
15477
15481
15497
15501
15559
15563
15579
15583
15588
15592
15594
15661
15665
15670
15674
15681
15685
15692
15696
15701
15705
15763
15767
15783
15787
15792
15794
15796
15803
15807
15865
15869
15874
15878
15885
15889
15905
15909
15914
15918
15920
15925
15929
15965
15967
15969
15976
15980
15987
15991
15996
16000
16002
16016
16018
16020
16027
16031
16067
16071
16073
16089
16093
16100
16129
16133
16155
16160
16164
16171
16175
16180
16184
16191
16195
16200
16204
16231
16235
16253
16262
16266
16271
16273
16275
16282
16286
16293
16297
16322
16326
16328
16359
16384
16388
16395
16399
16404
16408
16424
16426
16428
16457
16486
16490
16497
16501
16512
16517
16521
16588
16592
16599
16603
16608
16610
16612
16619
16623
16628
16632
16634
16639
16643
16690
16694
16701
16705
16721
16725
16732
16736
16750
16754
16756
16761
16765
16792
16796
16803
16807
16812
16816
16823
16827
16832
16834
16836
16854
16858
16889
16905
16909
16925
16929
16956
16960
16965
16969
16987
16991
16996
17000
17007
17011
17016
17020
17027
17031
17036
17040
17042
17047
17051
17058
17062
17089
17098
17102
17109
17113
17129
17133
17140
17144
17158
17160
17162
17200
17204
17211
17215
17220
17224
17231
17235
17240
17242
17244
17302
17306
17311
17313
17315
17322
17326
17333
17337
17404
17408
17424
17428
17435
17439
17444
17448
17464
17468
17470
17475
17479
17501
17526
17530
17537
17541
17568
17572
17599
17628
17632
17639
17643
17648
17652
17670
17674
17679
17683
17705
17710
17714
17719
17723
17725
17741
17745
17772
17776
17803
17812
17816
17823
17827
17832
17836
17843
17847
17852
17856
17874
17878
17883
17887
17909
17925
17929
17945
17949
17976
17980
18007
18027
18031
18036
18040
18047
18051
18056
18060
18078
18082
18087
18091
18113
18118
18122
18127
18129
18131
18138
18142
18149
18153
18180
18184
18198
18202
18204
18209
18211
18213
18220
18224
18240
18244
18251
18255
18260
18264
18282
18286
18291
18295
18302
18306
18322
18326
18331
18335
18342
18346
18353
18357
18384
18388
18402
18404
18406
18424
18428
18444
18448
18455
18459
18464
18468
18486
18490
18495
18499
18526
18530
18535
18539
18546
18550
18555
18557
18559
18566
18570
18588
18592
18606
18610
18612
18617
18621
18628
18632
18648
18652
18668
18672
18690
18708
18710
18712
18719
18723
18730
18734
18739
18743
18750
18754
18759
18763
18765
18821
18825
18832
18836
18847
18861
18863
18865
18923
18927
18934
18938
18943
18945
18947
18963
18967
18969
18974
18978
19000
19005
19009
19025
19029
19036
19040
19065
19067
19069
19076
19080
19098
19107
19111
19116
19120
19122
19138
19142
19147
19151
19167
19171
19173
19209
19213
19220
19224
19229
19233
19240
19244
19269
19271
19273
19311
19315
19320
19322
19324
19331
19335
19342
19346
19351
19355
19357
19362
19366
19413
19417
19433
19437
19444
19448
19455
19464
19468
19473
19477
19479
19484
19488
19515
19519
19524
19528
19530
19544
19546
19548
19566
19570
19577
19581
19617
19621
19628
19632
19637
19641
19668
19672
19677
19679
19681
19719
19723
19728
19730
19732
19739
19743
19748
19752
19754
19759
19763
19770
19774
19799
19803
19805
19810
19814
19821
19825
19841
19845
19852
19856
19872
19876
19881
19885
19901
19903
19905
19912
19916
19923
19927
19932
19936
19943
19947
19952
19954
19956
19974
19978
20014
20018
20025
20029
20040
20054
20058
20060
20065
20069
20076
20080
20085
20089
20116
20120
20127
20131
20136
20138
20140
20156
20158
20160
20167
20171
20178
20182
20218
20222
20229
20233
20244
20249
20253
20269
20273
20280
20284
20289
20293
20320
20324
20331
20335
20340
20342
20344
20351
20355
20360
20364
20366
20382
20386
20411
20415
20417
20433
20437
20453
20457
20464
20468
20473
20477
20484
20488
20493
20497
20513
20515
20517
20535
20539
20544
20548
20555
20559
20564
20566
20568
20575
20579
20586
20590
20615
20619
20621
20626
20630
20637
20641
20657
20661
20677
20681
20688
20692
20697
20701
20717
20719
20721
20728
20732
20739
20743
20748
20752
20759
20763
20768
20772
20774
20790
20794
20819
20823
20825
20839
20841
20843
20850
20854
20861
20865
20872
20876
20881
20885
20892
20896
20901
20905
20921
20923
20925
20952
20956
20963
20967
20972
20974
20976
20983
20987
20992
20994
20996
21003
21007
21023
21027
21029
21034
21038
21054
21058
21065
21069
21085
21089
21105
21109
21125
21127
21129
21136
21140
21156
21160
21167
21171
21176
21180
21187
21191
21196
21200
21202
21227
21231
21233
21258
21262
21269
21273
21289
21293
21300
21304
21309
21313
21329
21331
21333
21360
21364
21371
21375
21380
21384
21391
21395
21400
21402
21404
21411
21415
21431
21435
21437
21442
21446
21451
21455
21457
21473
21477
21493
21497
21513
21517
21533
21535
21537
21544
21548
21555
21559
21564
21568
21575
21579
21584
21588
21595
21599
21604
21608
21610
21635
21639
21641
21655
21657
21659
21666
21670
21677
21681
21697
21701
21708
21712
21717
21721
21737
21739
21741
21757
21761
21763
21779
21783
21788
21792
21799
21803
21808
21810
21812
21819
21823
21839
21843
21859
21861
21863
21879
21881
21883
21890
21894
21901
21905
21921
21925
21941
21945
21961
21965
21967
21972
21976
21992
21996
22003
22007
22012
22016
22023
22027
22032
22036
22038
22063
22065
22067
22074
22078
22083
22087
22089
22105
22109
22125
22129
22136
22140
22145
22149
22165
22169
22176
22180
22187
22191
22196
22200
22207
22211
22216
22220
22227
22231
22236
22238
22240
22247
22251
22267
22271
22273
22287
22289
22291
22298
22302
22309
22313
22329
22333
22349
22353
22369
22371
22373
22389
22393
22395
22411
22415
22420
22424
22431
22435
22440
22444
22446
22471
22475
22477
22482
22486
22493
22497
22502
22506
22513
22517
22528
22544
22548
22553
22557
22573
22575
22577
22584
22588
22593
22595
22597
22604
22608
22615
22619
22624
22626
22628
22646
22650
22675
22679
22681
22695
22699
22701
22717
22721
22748
22752
22757
22761
22777
22779
22781
22797
22799
22801
22819
22823
22828
22832
22850
22854
22879
22883
22885
22890
22894
22921
22925
22952
22956
22961
22965
22981
22983
22985
22992
22996
23001
23005
23007
23012
23016
23023
23027
23032
23036
23054
23058
23083
23087
23094
23098
23105
23109
23125
23129
23156
23160
23165
23169
23185
23189
23196
23200
23205
23207
23209
23227
23231
23236
23240
23258
23262
23287
23291
23298
23302
23327
23329
23331
23338
23342
23360
23364
23369
23373
23389
23393
23400
23404
23409
23413
23415
23420
23424
23440
23444
23462
23471
23475
23491
23495
23502
23506
23513
23517
23542
23546
23573
23577
23593
23597
23604
23608
23613
23615
23617
23644
23648
23670
23684
23688
23690
23706
23710
23735
23739
23741
23768
23772
23777
23781
23788
23792
23797
23801
23808
23812
23817
23821
23837
23839
23841
23870
23879
23883
23890
23894
23910
23914
23976
23992
23996
24001
24005
24012
24016
24021
24025
24074
24092
24094
24096
24103
24107
24114
24118
24194
24198
24200
24216
24220
24225
24229
24296
24298
24300
24316
24318
24320
24327
24331
24398
24402
24404
24409
24413
24429
24433
24455
24460
24464
24486
24491
24495
24502
24506
24520
24524
24526
24553
24557
24584
24593
24597
24602
24604
24606
24624
24628
24633
24637
24655
24673
24677
24679
24684
24688
24695
24699
24726
24730
24777
24781
24797
24801
24806
24810
24828
24832
24837
24841
24879
24883
24888
24892
24899
24903
24930
24934
24981
24985
25001
25005
25010
25014
25032
25036
25041
25045
25067
25072
25076
25081
25083
25085
25103
25107
25134
25138
25165
25169
25205
25209
25214
25218
25236
25240
25245
25249
25267
25271
25276
25280
25285
25289
25291
25296
25300
25307
25311
25322
25327
25331
25338
25342
25369
25378
25382
25389
25393
25409
25413
25418
25420
25422
25429
25433
25438
25440
25442
25480
25484
25489
25491
25493
25511
25515
25526
25540
25544
25546
25551
25555
25582
25586
25613
25617
25622
25624
25626
25642
25644
25646
25653
25657
25684
25688
25693
25697
25699
25704
25708
25715
25719
25744
25748
25750
25764
25768
25770
25775
25779
25786
25790
25797
25801
25817
25821
25826
25830
25846
25848
25850
25868
25872
25888
25892
25897
25899
25901
25919
25923
25948
25952
25954
25959
25963
25970
25974
25979
25983
25990
25994
26021
26025
26030
26034
26050
26052
26054
26061
26065
26072
26076
26092
26096
26101
26105
26123
26127
26152
26156
26158
26174
26178
26183
26187
26194
26198
26223
26225
26227
26254
26256
26258
26274
26276
26278
26285
26289
26296
26300
26305
26309
26325
26329
26331
26336
26340
26356
26360
26376
26380
26382
26398
26402
26413
26418
26422
26429
26433
26458
26462
26478
26480
26482
26500
26504
26509
26511
26513
26520
26524
26529
26531
26533
26560
26564
26580
26584
26586
26591
26595
26602
26606
26622
26626
26662
26666
26682
26684
26686
26693
26697
26704
26708
26713
26717
26724
26728
26733
26737
26739
26744
26748
26764
26768
26795
26799
26806
26810
26826
26830
26837
26841
26866
26870
26897
26901
26908
26912
26917
26921
26928
26932
26937
26939
26941
26968
26972
26999
27003
27010
27014
27030
27034
27070
27074
27101
27105
27112
27116
27121
27125
27132
27136
27141
27145
27147
27152
27156
27161
27165
27167
27203
27207
27214
27218
27234
27238
27245
27249
27265
27269
27274
27278
27300
27316
27320
27325
27329
27336
27340
27345
27347
27349
27365
27367
27369
27376
27380
27398
27402
27407
27411
27418
27422
27438
27442
27478
27482
27500
27509
27513
27518
27520
27522
27540
27544
27549
27553
27555
27560
27564
27580
27584
27611
27615
27642
27646
27653
27662
27666
27671
27675
27677
27713
27717
27722
27726
27728
27733
27737
27744
27748
27753
27757
27764
27768
27775
27779
27784
27788
27810
27826
27830
27846
27850
27866
27870
27875
27877
27879
27886
27890
27908
27928
27932
27937
27941
27948
27952
27957
27961
27963
27977
27981
27983
28030
28034
28050
28054
28061
28079
28081
28083
28132
28136
28141
28145
28152
28156
28161
28165
28167
28172
28176
28234
28238
28254
28258
28265
28274
28278
28283
28287
28289
28294
28298
28336
28340
28345
28349
28356
28360
28365
28369
28376
28380
28387
28391
28438
28442
28458
28462
28478
28482
28487
28489
28491
28540
28544
28549
28553
28558
28560
28562
28580
28584
28642
28646
28682
28686
28691
28695
28744
28748
28753
28757
28762
28766
28768
28773
28777
28784
28788
28846
28850
28866
28870
28886
28890
28895
28899
28948
28952
28957
28961
28966
28968
28970
28988
28992
29050
29054
29068
29072
29074
29079
29083
29090
29094
29099
29103
29152
29170
29172
29174
29181
29185
29192
29196
29207
29212
29216
29221
29225
29227
29232
29236
29272
29276
29278
29294
29298
29303
29305
29307
29314
29318
29325
29329
29374
29376
29378
29396
29400
29416
29420
29425
29427
29429
29476
29480
29482
29487
29491
29498
29502
29507
29511
29518
29522
29578
29580
29582
29589
29593
29600
29604
29620
29624
29629
29633
29635
29640
29644
29680
29684
29686
29702
29706
29711
29715
29722
29726
29733
29737
29782
29784
29786
29804
29808
29824
29828
29833
29835
29837
29853
29857
29859
29864
29868
29884
29888
29890
29895
29899
29904
29906
29908
29926
29930
29957
29961
29986
29988
29990
29997
30001
30028
30032
30037
30041
30059
30063
30068
30072
30088
30092
30094
30108
30112
30114
30119
30123
30130
30134
30161
30165
30190
30192
30194
30210
30212
30214
30221
30225
30232
30236
30241
30245
30261
30263
30265
30292
30296
30298
30303
30307
30323
30327
30334
30338
30349
30354
30358
30394
30396
30398
30405
30409
30414
30418
30420
30436
30440
30445
30447
30449
30456
30460
30496
30500
30502
30516
30518
30520
30538
30542
30558
30562
30567
30571
30573
30578
30582
30598
30600
30602
30618
30622
30624
30629
30633
30640
30644
30649
30653
30660
30664
30671
30675
30700
30704
30720
30722
30724
30731
30735
30742
30746
30762
30766
30771
30773
30775
30802
30806
30822
30826
30828
30844
30848
30853
30857
30864
30868
30893
30897
30899
30924
30926
30928
30946
30950
30966
30970
30975
30979
30981
30986
30990
30997
31001
31006
31010
31026
31030
31048
31052
31057
31061
31068
31072
31079
31083
31097
31099
31101
31108
31112
31128
31132
31134
31139
31143
31150
31154
31170
31174
31179
31181
31183
31199
31203
31205
31230
31232
31234
31241
31245
31252
31256
31261
31265
31272
31276
31303
31307
31312
31316
31332
31336
31343
31347
31354
31358
31374
31378
31383
31387
31389
31394
31398
31403
31405
31407
31414
31418
31434
31438
31445
31449
31454
31456
31458
31476
31480
31487
31491
31516
31520
31536
31540
31547
31551
31578
31582
31587
31589
31591
31618
31622
31638
31642
31649
31653
31658
31662
31664
31669
31673
31680
31684
31720
31724
31740
31744
31751
31755
31762
31766
31782
31786
31791
31795
31822
31826
31842
31846
31853
31857
31862
31864
31866
31884
31888
31899
31904
31908
31913
31917
31919
31944
31948
31955
31959
31986
31990
31995
31997
31999
32006
32010
32017
32021
32026
32030
32046
32050
32057
32061
32066
32070
32072
32077
32081
32088
32092
32108
32112
32117
32119
32121
32128
32132
32148
32152
32159
32163
32170
32174
32190
32194
32199
32203
32210
32214
32230
32234
32250
32254
32261
32265
32270
32272
32274
32292
32296
32312
32316
32321
32325
32327
32341
32345
32347
32363
32367
32394
32398
32403
32407
32414
32418
32425
32429
32434
32438
32445
32449
32454
32458
32465
32469
32474
32478
32496
32500
32516
32520
32525
32527
32529
32536
32540
32545
32547
32549
32556
32560
32567
32571
32596
32598
32600
32618
32622
32638
32642
32658
32662
32669
32673
32678
32682
32698
32702
32704
32709
32713
32720
32724
32729
32733
32740
32744
32749
32753
32755
32771
32775
32802
32806
32822
32826
32837
32851
32853
32855
32873
32877
32882
32886
32904
32908
32913
32917
32924
32928
32933
32935
32937
32953
32957
32959
32964
32968
32975
32979
32990
32995
32999
33004
33006
33008
33015
33019
33026
33030
33041
33046
33050
33057
33061
33077
33081
33086
33088
33090
33097
33101
33117
33121
33128
33132
33137
33139
33141
33148
33152
33157
33159
33161
33179
33183
33199
33203
33208
33212
33214
33230
33234
33245
33259
33263
33265
33270
33274
33281
33285
33290
33294
33301
33305
33312
33316
33321
33325
33332
33336
33341
33343
33345
33361
33363
33365
33372
33376
33383
33387
33403
33407
33412
33414
33416
33423
33427
33434
33438
33449
33454
33458
33474
33478
33485
33489
33494
33498
33505
33509
33525
33529
33536
33540
33545
33547
33549
33556
33560
33565
33569
33571
33587
33591
33607
33611
33616
33620
33622
33636
33638
33640
33647
33651
33658
33662
33669
33673
33678
33682
33689
33693
33698
33702
33709
33713
33720
33724
33729
33733
33749
33753
33760
33764
33769
33771
33773
33780
33784
33791
33795
33811
33815
33820
33822
33824
33831
33835
33840
33844
33846
33862
33866
33882
33886
33891
33893
33895
33913
33917
33933
33937
33944
33948
33953
33957
33964
33968
33973
33977
33984
33988
34015
34019
34024
34028
34035
34039
34044
34046
34048
34055
34059
34066
34070
34086
34090
34095
34099
34101
34106
34110
34117
34121
34137
34141
34157
34161
34168
34172
34177
34181
34188
34192
34199
34203
34219
34223
34228
34232
34239
34243
34248
34252
34254
34270
34274
34290
34294
34299
34301
34303
34321
34325
34336
34350
34352
34354
34372
34376
34381
34385
34392
34396
34423
34427
34432
34434
34436
34452
34456
34458
34463
34467
34474
34478
34489
34525
34529
34540
34545
34549
34556
34560
34576
34580
34585
34587
34589
34627
34631
34636
34638
34640
34647
34651
34656
34658
34660
34678
34682
34729
34733
34744
34758
34762
34764
34769
34773
34780
34784
34789
34793
34831
34835
34840
34842
34844
34860
34862
34864
34871
34875
34882
34886
34933
34937
34962
34966
34968
34982
34984
34986
35035
35039
35044
35048
35064
35066
35068
35121
35126
35130
35137
35141
35166
35170
35172
35177
35181
35219
35223
35237
35239
35241
35268
35270
35272
35279
35283
35321
35370
35374
35381
35385
35390
35394
35396
35401
35405
35472
35476
35478
35492
35494
35496
35503
35507
35543
35547
35549
35554
35558
35574
35576
35578
35594
35598
35600
35645
35647
35649
35656
35660
35676
35680
35696
35698
35700
35758
35762
35778
35782
35798
35802
35804
35809
35813
35860
35864
35880
35884
35900
35902
35904
35911
35915
35962
35966
35982
35986
36002
36006
36008
36064
36068
36084
36088
36104
36106
36108
36124
36128
36130
36135
36139
36166
36170
36186
36190
36206
36210
36212
36217
36221
36228
36232
36263
36277
36281
36283
36308
36310
36312
36319
36323
36330
36334
36339
36343
36361
36365
36370
36374
36381
36385
36390
36394
36410
36414
36421
36425
36430
36432
36434
36441
36445
36463
36472
36476
36483
36487
36512
36516
36518
36532
36536
36538
36569
36585
36589
36594
36598
36614
36616
36618
36636
36640
36645
36649
36667
36687
36691
36716
36720
36722
36727
36731
36736
36738
36740
36747
36751
36773
36778
36782
36789
36793
36798
36802
36818
36820
36822
36829
36833
36849
36853
36871
36880
36884
36889
36891
36893
36900
36904
36920
36924
36926
36951
36955
36982
36986
37002
37006
37022
37024
37026
37042
37046
37048
37084
37088
37093
37097
37099
37124
37128
37144
37146
37148
37164
37168
37170
37175
37179
37186
37190
37197
37201
37206
37210
37226
37230
37246
37250
37252
37257
37261
37268
37272
37288
37292
37297
37299
37301
37308
37312
37328
37332
37348
37350
37352
37359
37363
37370
37374
37379
37383
37390
37394
37410
37414
37430
37434
37450
37454
37456
37472
37476
37492
37496
37501
37505
37512
37516
37532
37536
37552
37554
37556
37574
37578
37583
37587
37594
37598
37614
37618
37623
37627
37629
37654
37658
37660
37665
37669
37676
37680
37696
37700
37705
37709
37716
37720
37727
37731
37736
37740
37756
37758
37760
37767
37771
37778
37782
37787
37791
37798
37802
37818
37822
37827
37829
37831
37838
37842
37858
37862
37864
37878
37880
37882
37889
37893
37900
37904
37909
37913
37915
37929
37933
37935
37960
37962
37964
37980
37984
37986
38002
38006
38013
38031
38033
38035
38062
38066
38082
38084
38086
38104
38108
38113
38117
38133
38137
38139
38144
38148
38164
38168
38184
38188
38190
38195
38199
38206
38210
38235
38237
38239
38246
38250
38266
38270
38286
38288
38290
38297
38301
38308
38312
38317
38321
38337
38341
38343
38368
38372
38388
38392
38394
38410
38414
38439
38441
38443
38470
38474
38490
38492
38494
38512
38516
38521
38525
38541
38545
38547
38552
38556
38572
38576
38592
38596
38598
38603
38607
38612
38614
38616
38623
38627
38643
38645
38647
38654
38658
38674
38678
38694
38696
38698
38705
38709
38725
38729
38745
38749
38756
38760
38776
38780
38796
38800
38802
38827
38831
38847
38851
38853
38867
38871
38873
38898
38900
38902
38929
38933
38949
38951
38953
38971
38975
38980
38984
39000
39004
39031
39035
39051
39055
39057
39062
39066
39073
39077
39102
39106
39108
39113
39117
39122
39126
39128
39153
39155
39157
39164
39168
39173
