2
3
5
7
8
9
13
14
18
19
24
25
29
30
35
36
40
41
46
51
56
63
68
72
73
78
79
83
84
89
94
115
117
126
153
160
165
169
170
175
176
181
186
191
212
214
230
235
240
245
266
273
278
283
288
325
331
332
337
342
343
348
353
354
358
359
364
369
392
401
428
440
444
445
450
462
467
472
477
482
489
509
537
541
542
547
548
553
558
563
579
586
595
602
607
612
617
640
645
650
655
660
683
688
693
698
726
731
736
741
757
769
774
779
784
834
839
844
849
861
881
904
909
914
919
920
925
930
935
967
974
979
984
989
1032
1066
1071
1076
1077
1081
1109
1113
1114
1119
1124
1140
1156
1163
1168
1173
1178
1179
1184
1189
1199
1217
1222
1227
1232
1233
1238
1243
1248
1260
1265
1270
1275
1291
1292
1297
1302
1334
1341
1346
1351
1356
1357
1361
1362
1367
1372
1395
1400
1405
1410
1415
1438
1443
1448
1453
1469
1481
1486
1491
1496
1508
1512
1513
1518
1519
1523
1539
1562
1566
1567
1572
1577
1616
1621
1626
1631
1643
1648
1653
1658
1659
1664
1669
1674
1686
1691
1696
1701
1717
1787
1821
1826
1831
1836
1837
1841
1842
1847
1852
1864
1869
1874
1875
1879
1880
1885
1890
1891
1895
1896
1901
1906
1992
2026
2031
2036
2041
2042
2046
2047
2052
2057
2112
2117
2122
2123
2127
2128
2133
2138
2177
2182
2187
2192
2197
2220
2225
2230
2235
2267
2274
2279
2284
2289
2301
2306
2311
2316
2317
2321
2322
2327
2332
2355
2360
2365
2370
2371
2375
2376
2381
2386
2409
2414
2419
2424
2429
2445
2506
2511
2516
2521
2522
2527
2532
2537
2592
2596
2597
2602
2603
2607
2608
2613
2618
2646
2651
2656
2661
2684
2689
2694
2699
2700
2704
2705
2710
2715
2770
2775
2780
2785
2871
2878
2883
2888
2893
2921
2926
2931
2932
2936
2937
2942
2947
2959
2964
2969
2974
2979
3013
3018
3023
3028
3029
3033
3034
3039
3044
3083
3088
3093
3098
3110
3115
3120
3121
3125
3126
3131
3136
3141
3157
3184
3196
3201
3206
3211
3234
3238
3239
3244
3249
3261
3266
3271
3276
3288
3293
3298
3303
3304
3308
3309
3314
3319
3335
3358
3363
3368
3373
3432
3439
3444
3449
3454
3459
3482
3486
3487
3492
3493
3497
3498
3503
3508
3509
3514
3519
3524
3536
3541
3546
3551
3633
3638
3643
3648
3660
3665
3670
3675
3757
3762
3767
3772
3784
3789
3794
3795
3799
3800
3805
3810
3811
3815
3816
3821
3826
3838
3843
3848
3853
3885
3892
3897
3902
3907
3946
3951
3956
3961
3966
4036
4043
4048
4053
4058
4070
4075
4080
4085
4140
4145
4150
4155
4198
4210
4215
4220
4225
4248
4253
4258
4263
4268
4291
4296
4301
4306
4329
4334
4339
4344
4349
4361
4366
4371
4376
4392
4446
4489
4496
4501
4506
4511
4523
4528
4533
4538
4550
4555
4560
4565
4577
4582
4587
4592
4593
4597
4598
4603
4608
4667
4694
4717
4721
4722
4727
4728
4732
4733
4738
4743
4748
4771
4776
4781
4786
4814
4818
4819
4824
4825
4829
4830
4835
4840
4852
4857
4862
4867
4879
4884
4889
4894
4899
4922
4927
4932
4937
4992
4997
5002
5003
5007
5008
5013
5018
5019
5024
5029
5034
5046
5051
5056
5057
5061
5062
5067
5072
5073
5077
5078
5083
5088
5143
5148
5153
5154
5158
5159
5164
5169
5208
5213
5218
5223
5224
5228
5229
5234
5239
5298
5305
5310
5315
5320
5332
5337
5342
5347
5352
5386
5391
5396
5401
5402
5407
5412
5417
5456
5461
5466
5471
5483
5488
5493
5498
5510
5515
5520
5525
5553
5558
5563
5568
5591
5596
5601
5606
5611
5623
5628
5633
5634
5638
5639
5644
5649
5661
5666
5671
5676
5677
5681
5682
5687
5692
5708
5769
5774
5779
5784
5785
5789
5790
5795
5800
5832
5886
5936
5941
5946
5951
5963
5968
5973
5978
6006
6011
6016
6021
6033
6038
6043
6048
6114
6119
6124
6129
6157
6161
6162
6167
6168
6172
6173
6178
6183
6188
6211
6216
6221
6222
6226
6227
6232
6237
6242
6265
6270
6275
6280
6319
6324
6329
6334
6346
6351
6356
6361
6366
6400
6405
6410
6415
6420
6486
6491
6496
6501
6513
6517
6518
6523
6524
6528
6529
6534
6539
6544
6567
6572
6577
6582
6641
6668
6691
6696
6701
6702
6706
6707
6712
6717
6722
6745
6750
6755
6760
6792
6819
6842
6846
6847
6852
6857
6869
6874
6879
6884
6966
6971
6976
6981
6993
6998
7003
7004
7008
7009
7014
7019
7024
7047
7052
7057
7062
7094
7101
7106
7111
7116
7117
7122
7127
7128
7132
7133
7138
7143
7144
7148
7149
7154
7159
7171
7176
7181
7186
7299
7315
7322
7327
7332
7337
7349
7354
7359
7364
7419
7423
7424
7429
7434
7450
7473
7477
7478
7483
7488
7520
7581
7586
7591
7596
7608
7613
7618
7623
7624
7628
7629
7634
7639
7640
7645
7650
7655
7725
7748
7753
7758
7763
7775
7779
7780
7785
7790
7802
7807
7812
7817
7845
7849
7850
7855
7860
7910
7915
7920
7925
7930
7953
7958
7963
7968
7980
7985
7990
7995
8027
8034
8039
8044
8049
8050
8054
8055
8060
8065
8081
8104
8109
8114
8119
8151
8158
8163
8168
8173
8174
8179
8184
8185
8189
8190
8195
8200
8239
8244
8249
8254
8255
8259
8260
8265
8270
8282
8287
8292
8297
8329
8336
8341
8346
8351
8352
8357
8362
8363
8367
8368
8373
8378
8379
8383
8384
8389
8394
8406
8411
8416
8421
8476
8480
8481
8486
8491
8507
8541
8546
8551
8556
8561
8584
8589
8594
8599
8654
8659
8664
8669
8685
8708
8712
8713
8718
8723
8805
8809
8810
8815
8820
8832
8837
8842
8847
8870
8875
8880
8885
8886
8891
8896
8901
9010
9015
9020
9025
9037
9042
9047
9052
9118
9123
9128
9133
9134
9138
9139
9144
9149
9172
9177
9182
9187
9192
9199
9204
9209
9214
9219
9296
9301
9306
9311
9343
9377
9382
9387
9392
9397
9431
9436
9441
9446
9447
9451
9452
9457
9462
9463
9468
9473
9478
9517
9521
9522
9527
9532
9544
9548
9549
9554
9559
9618
9625
9630
9635
9640
9652
9657
9662
9667
9668
9672
9673
9678
9683
9706
9711
9716
9721
9722
9726
9727
9732
9737
9803
9808
9813
9818
9830
9835
9840
9845
9846
9850
9851
9856
9861
9873
9878
9883
9888
9943
9948
9953
9958
9997
10002
10007
10012
10051
10056
10061
10066
10089
10094
10099
10104
10105
10109
10110
10115
10120
10152
10175
10180
10185
10190
10206
10276
10303
10373
10380
10385
10390
10395
10400
10407
10412
10417
10422
10427
10454
10461
10466
10471
10476
10477
10482
10487
10492
10508
10531
10536
10541
10546
10601
10606
10611
10612
10616
10617
10622
10627
10628
10632
10633
10638
10643
10698
10703
10708
10713
10725
10730
10735
10740
10752
10757
10762
10767
10779
10783
10784
10789
10790
10794
10795
10800
10805
10810
10833
10838
10843
10848
10880
10887
10892
10897
10902
10914
10919
10924
10929
10934
10957
10962
10967
10972
11038
11043
11048
11053
11058
11108
11113
11118
11123
11135
11140
11145
11150
11166
11205
11210
11215
11220
11243
11248
11253
11258
11259
11263
11264
11269
11274
11297
11302
11307
11312
11317
11340
11345
11350
11355
11367
11372
11377
11382
11383
11387
11388
11393
11398
11414
11448
11453
11458
11463
11468
11491
11496
11501
11506
11538
11565
11588
11593
11598
11603
11635
11712
11717
11722
11723
11727
11728
11733
11738
11739
11743
11744
11749
11754
11793
11798
11803
11808
11863
11867
11868
11873
11874
11878
11879
11884
11889
11890
11894
11895
11900
11905
11960
11965
11970
11975
12025
12030
12035
12040
12045
12068
12073
12078
12083
12142
12149
12154
12159
12164
12176
12181
12186
12191
12192
12196
12197
12202
12207
12219
12224
12229
12234
12300
12305
12310
12315
12370
12374
12375
12380
12385
12467
12471
12472
12477
12478
12482
12483
12488
12493
12505
12510
12515
12520
12521
12526
12531
12536
12552
12602
12607
12612
12617
12699
12704
12709
12714
12796
12800
12801
12806
12811
12827
12877
12882
12887
12892
13109
13114
13119
13124
13125
13129
13130
13135
13140
13152
13157
13162
13163
13167
13168
13173
13178
13183
13190
13195
13200
13205
13217
13222
13227
13232
13237
13307
13314
13319
13324
13329
13368
13373
13378
13383
13388
13438
13443
13448
13453
13454
13458
13459
13464
13469
13485
13508
13513
13518
13523
13562
13567
13572
13577
13609
13616
13621
13626
13631
13632
13636
13637
13642
13643
13647
13648
13653
13658
13663
13697
13702
13707
13712
13713
13717
13718
13723
13728
13767
13772
13777
13782
13783
13787
13788
13793
13798
13810
13814
13815
13820
13825
13934
13939
13944
13949
13961
13966
13971
13972
13976
13977
13982
13987
13988
13992
13993
13998
14003
14042
14047
14052
14057
14062
14069
14074
14079
14084
14096
14101
14106
14111
14112
14116
14117
14122
14127
14139
14144
14149
14154
14213
14220
14225
14230
14235
14267
14294
14317
14322
14327
14332
14387
14391
14392
14397
14398
14402
14403
14408
14413
14441
14445
14446
14451
14456
14538
14543
14548
14553
14569
14592
14597
14602
14607
14619
14624
14629
14630
14634
14635
14640
14645
14650
14716
14720
14721
14726
14731
14747
14770
14774
14775
14780
14785
14878
14883
14888
14893
14894
14898
14899
14904
14905
14909
14910
14915
14920
14925
14975
14980
14985
14990
15029
15034
15039
15044
15045
15050
15055
15056
15060
15061
15066
15071
15072
15076
15077
15082
15087
15099
15104
15109
15114
15137
15142
15147
15152
15157
15180
15185
15190
15195
15223
15228
15233
15238
15250
15254
15255
15260
15265
15351
15385
15390
15395
15400
15401
15405
15406
15411
15416
15482
15487
15492
15497
15529
15579
15584
15589
15594
15653
15660
15665
15670
15675
15676
15681
15686
15687
15691
15692
15697
15702
15714
15719
15724
15729
15730
15734
15735
15740
15745
15804
15811
15816
15821
15826
15854
15858
15859
15864
15869
15978
15982
15983
15988
15989
15993
15994
15999
16004
16009
16043
16048
16053
16058
16059
16063
16064
16069
16074
16129
16134
16139
16144
16160
16167
16172
16177
16182
16183
16187
16188
16193
16198
16214
16307
16312
16317
16322
16334
16338
16339
16344
16349
16388
16393
16398
16403
16462
16485
16490
16495
16496
16500
16501
16506
16511
16512
16516
16517
16522
16527
16539
16544
16549
16554
16620
16625
16630
16635
16640
16663
16668
16673
16678
16771
16776
16781
16786
16787
16792
16797
16802
16818
16841
16846
16851
16856
16949
16954
16959
16964
16965
16969
16970
16975
16980
17120
17143
17148
17153
17154
17158
17159
17164
17169
17174
17208
17213
17218
17223
17228
17294
17299
17304
17309
17325
17422
17445
17450
17455
17460
17499
17504
17509
17510
17514
17515
17520
17525
17530
17553
17558
17563
17568
17600
17627
17650
17655
17660
17665
17724
17731
17736
17741
17746
17747
17752
17757
17762
17812
17817
17822
17827
17832
17855
17860
17865
17870
17902
17909
17914
17919
17924
17925
17930
17935
17940
17952
17957
17962
17963
17967
17968
17973
17978
17983
18049
18054
18059
18064
18080
18114
18119
18124
18129
18134
18157
18162
18167
18172
18204
18211
18216
18221
18226
18227
18232
18237
18242
18258
18285
18308
18313
18318
18323
18355
18362
18367
18372
18377
18382
18405
18410
18415
18416
18420
18421
18426
18431
18436
18459
18464
18469
18474
18529
18533
18534
18539
18540
18544
18545
18550
18555
18560
18583
18587
18588
18593
18598
18610
18615
18620
18625
18657
18664
18669
18674
18679
18680
18684
18685
18690
18695
18707
18712
18717
18722
18761
18766
18771
18776
18835
18842
18847
18852
18857
18858
18862
18863
18868
18873
18885
18889
18890
18895
18900
18912
18917
18922
18927
18982
18987
18992
18997
19009
19014
19019
19020
19024
19025
19030
19035
19110
19117
19122
19127
19132
19160
19164
19165
19170
19175
19187
19191
19192
19197
19202
19214
19219
19224
19229
19435
19440
19445
19450
19489
19493
19494
19499
19504
19516
19520
19521
19526
19531
19581
19586
19591
19596
19601
19624
19629
19634
19639
19698
19768
19802
19807
19812
19817
19818
19822
19823
19828
19833
19845
19850
19855
19860
19910
19915
19920
19925
19926
19930
19931
19936
19941
19980
19985
19990
19995
20000
20007
20012
20017
20022
20023
20028
20033
20038
20077
20082
20087
20092
20093
20098
20103
20108
20131
20136
20141
20146
20147
20151
20152
20157
20162
20185
20190
20195
20200
20205
20239
20244
20249
20254
20255
20259
20260
20265
20270
20325
20329
20330
20335
20336
20340
20341
20346
20351
20390
20395
20400
20405
20410
20426
20460
20465
20470
20475
20476
20480
20481
20486
20491
20507
20514
20519
20524
20529
20530
20534
20535
20540
20545
20568
20573
20578
20583
20584
20588
20589
20594
20599
20638
20643
20648
20653
20654
20659
20664
20669
20685
20751
20755
20756
20761
20762
20766
20767
20772
20777
20789
20794
20799
20804
20805
20809
20810
20815
20820
20832
20837
20842
20847
20859
20864
20869
20874
20913
20918
20923
20928
20960
20987
21010
21015
21020
21025
21048
21053
21058
21063
21068
21080
21085
21090
21091
21095
21096
21101
21106
21118
21123
21128
21133
21134
21138
21139
21144
21149
21165
21285
21290
21295
21300
21312
21316
21317
21322
21323
21327
21328
21333
21338
21343
21413
21447
21452
21457
21462
21463
21468
21473
21478
21490
21495
21500
21505
21564
21571
21576
21581
21586
21641
21645
21646
21651
21656
21668
21673
21678
21683
21722
21727
21732
21737
21738
21742
21743
21748
21749
21753
21754
21759
21764
21769
21803
21808
21813
21818
21823
21889
21894
21899
21904
21920
21970
21975
21980
21985
22017
22024
22029
22034
22039
22044
22051
22056
22061
22066
22067
22071
22072
22077
22082
22094
22099
22104
22109
22125
22148
22153
22158
22163
22245
22250
22255
22256
22260
22261
22266
22271
22276
22342
22347
22352
22357
22369
22373
22374
22379
22384
22396
22400
22401
22406
22411
22434
22439
22444
22449
22450
22454
22455
22460
22465
22497
22504
22509
22514
22519
22531
22536
22541
22546
22558
22563
22568
22573
22578
22601
22606
22611
22616
22675
22698
22702
22703
22708
22713
22725
22730
22735
22740
22772
22822
22827
22832
22837
22880
22903
22908
22913
22918
22950
22957
22962
22967
22972
23000
23005
23010
23011
23015
23016
23021
23026
23027
23032
23037
23042
23097
23102
23107
23112
23205
23210
23215
23220
23275
23280
23285
23290
23313
23318
23323
23328
23360
23394
23399
23404
23409
23414
23437
23442
23447
23452
23464
23469
23474
23479
23484
23615
23620
23625
23630
23642
23647
23652
23657
23662
23685
23689
23690
23695
23700
23750
23755
23760
23765
23770
23809
23813
23814
23819
23820
23824
23825
23830
23835
23840
23867
23917
23922
23927
23932
23964
23987
23992
23997
24002
24014
24019
24024
24029
24052
24057
24062
24067
24072
24095
24100
24105
24110
24138
24142
24143
24148
24153
24165
24170
24175
24176
24180
24181
24186
24191
24192
24196
24197
24202
24207
24266
24273
24278
24283
24288
24289
24294
24299
24304
24397
24402
24407
24412
24417
24424
24429
24434
24439
24451
24456
24461
24466
24467
24472
24477
24482
24521
24526
24531
24536
24591
24596
24601
24606
24656
24661
24666
24671
24676
24710
24715
24720
24725
24730
24742
24746
24747
24752
24753
24757
24758
24763
24768
24780
24785
24790
24795
24800
24834
24839
24844
24849
24854
24951
25001
25006
25011
25016
25021
25028
25033
25038
25043
25055
25060
25065
25070
25071
25075
25076
25081
25086
25102
25125
25129
25130
25135
25140
25179
25184
25189
25194
25253
25260
25265
25270
25275
25276
25280
25281
25286
25291
25314
25319
25324
25329
25334
25346
25351
25356
25361
25384
25389
25394
25399
25400
25404
25405
25410
25415
25427
25431
25432
25437
25438
25442
25443
25448
25453
25454
25458
25459
25464
25469
25562
25567
25572
25577
25578
25582
25583
25588
25589
25593
25594
25599
25604
25605
25609
25610
25615
25620
25659
25664
25669
25674
25686
25691
25696
25701
25713
25718
25723
25728
25729
25734
25739
25740
25744
25745
25750
25755
25756
25760
25761
25766
25771
25783
25787
25788
25793
25798
25907
25911
25912
25917
25922
25934
25939
25944
25949
25988
25993
25998
26003
26042
26047
26052
26057
26062
26085
26090
26095
26100
26112
26117
26122
26127
26236
26241
26246
26251
26310
26317
26322
26327
26332
26371
26376
26381
26386
26387
26392
26397
26398
26402
26403
26408
26413
26418
26488
26495
26500
26505
26510
26522
26527
26532
26537
26542
26635
26640
26645
26650
26666
26673
26678
26683
26688
26693
26743
26748
26753
26758
26813
26818
26823
26828
26851
26856
26861
26866
26867
26872
26877
26882
26975
26980
26985
26990
26991
26995
26996
27001
27002
27006
27007
27012
27017
27018
27022
27023
27028
27033
27153
27158
27163
27168
27277
27282
27287
27292
27320
27325
27330
27331
27335
27336
27341
27346
27347
27351
27352
27357
27362
27385
27390
27395
27400
27405
27412
27417
27422
27427
27432
27455
27460
27465
27470
27502
27529
27626
27676
27681
27686
27691
27714
27719
27724
27729
27730
27734
27735
27740
27745
27757
27762
27767
27772
27804
27811
27816
27821
27826
27827
27832
27837
27838
27842
27843
27848
27853
27854
27858
27859
27864
27869
27951
27956
27961
27962
27966
27967
27972
27977
27982
28043
28048
28053
28058
28059
28063
28064
28069
28074
28129
28134
28139
28144
28160
28183
28188
28193
28198
28257
28264
28269
28274
28279
28284
28307
28312
28317
28318
28322
28323
28328
28333
28338
28388
28393
28398
28403
28462
28485
28489
28490
28495
28500
28559
28566
28571
28576
28581
28582
28586
28587
28592
28597
28609
28614
28619
28624
28647
28652
28657
28662
28663
28667
28668
28673
28678
28764
28787
28791
28792
28797
28802
28814
28819
28824
28829
28884
28888
28889
28894
28895
28899
28900
28905
28910
28911
28916
28921
28922
28926
28927
28932
28937
28942
28976
28981
28986
28991
28992
28996
28997
29002
29007
29089
29093
29094
29099
29104
29116
29120
29121
29126
29131
29190
29197
29202
29207
29212
29213
29217
29218
29223
29228
29267
29272
29277
29282
29321
29326
29331
29336
29368
29375
29380
29385
29390
29402
29407
29412
29417
29418
29422
29423
29428
29433
29445
29450
29455
29460
29515
29520
29525
29526
29530
29531
29536
29541
29542
29546
29547
29552
29557
29580
29585
29590
29595
29600
29693
29697
29698
29703
29704
29708
29709
29714
29719
29747
29752
29757
29762
29871
29876
29881
29882
29886
29887
29892
29897
29902
29925
29930
29935
29940
30022
30027
30032
30033
30037
30038
30043
30048
30060
30065
30070
30075
30080
30114
30119
30124
30129
30134
30157
30162
30167
30172
30184
30189
30194
30199
30204
30227
30231
30232
30237
30242
30335
30340
30345
30350
30355
30405
30410
30415
30420
30459
30464
30469
30474
30513
30518
30523
30528
30529
30534
30539
30544
30556
30561
30566
30571
30630
30637
30642
30647
30652
30664
30669
30674
30679
30680
30684
30685
30690
30691
30695
30696
30701
30706
30711
30718
30723
30728
30733
30738
30772
30777
30782
30787
30792
30842
30847
30852
30857
30862
30889
30955
30960
30965
30970
30986
30993
30998
31003
31008
31009
31013
31014
31019
31024
31036
31041
31046
31047
31051
31052
31057
31062
31063
31067
31068
31073
31078
31117
31122
31127
31132
31187
31191
31192
31197
31202
31214
31219
31224
31229
31295
31300
31305
31310
31311
31315
31316
31321
31326
31338
31343
31348
31349
31353
31354
31359
31364
31369
31392
31397
31402
31407
31466
31473
31478
31483
31488
31493
31500
31505
31510
31515
31516
31520
31521
31526
31531
31597
31602
31607
31612
31640
31645
31650
31655
31694
31699
31704
31709
31791
31795
31796
31801
31802
31806
31807
31812
31817
31818
31822
31823
31828
31833
31845
31849
31850
31855
31860
31883
31888
31893
31898
31903
31946
32000
32070
32077
32082
32087
32092
32120
32124
32125
32130
32135
32147
32152
32157
32162
32174
32179
32184
32189
32228
32233
32238
32243
32248
32255
32260
32265
32270
32271
32276
32281
32286
32325
32330
32335
32340
32395
32400
32405
32410
32426
32449
32454
32459
32464
32550
32557
32562
32567
32572
32573
32578
32583
32588
32638
32643
32648
32653
32658
32735
32740
32745
32750
32751
32756
32761
32766
32843
32848
32853
32858
32863
32875
32880
32885
32890
32906
32983
32988
32993
32998
33030
33057
33064
33069
33074
33079
33084
33118
33123
33128
33133
33138
33188
33193
33198
33203
33208
33231
33236
33241
33242
33246
33247
33252
33257
33262
33355
33359
33360
33365
33366
33370
33371
33376
33381
33382
33386
33387
33392
33397
33409
33414
33419
33420
33424
33425
33430
33435
33440
33463
33468
33473
33478
33510
33533
33537
33538
33543
33544
33548
33549
33554
33559
33564
33587
33592
33597
33602
33661
33668
33673
33678
33683
33684
33688
33689
33694
33699
33711
33715
33716
33721
33726
33765
33770
33775
33780
33835
33840
33845
33850
33862
33867
33872
33877
33889
33893
33894
33899
33904
33920
33963
33970
33975
33980
33985
33986
33990
33991
33996
34001
34013
34018
34023
34028
34040
34045
34050
34055
34168
34195
34218
34223
34228
34233
34245
34250
34255
34260
34288
34292
34293
34298
34299
34303
34304
34309
34314
34315
34320
34325
34330
34470
34493
34497
34498
34503
34508
34520
34525
34530
34535
34594
34601
34606
34611
34616
34617
34622
34627
34632
34795
34799
34800
34805
34810
34822
34827
34832
34837
34896
34903
34908
34913
34918
34919
34924
34929
34930
34934
34935
34940
34945
34950
35004
35101
35124
35129
35134
35139
35221
35226
35231
35236
35252
35275
35280
35285
35290
35313
35318
35323
35328
35329
35333
35334
35339
35344
35403
35410
35415
35420
35425
35426
35431
35436
35441
35577
35582
35587
35592
35642
35647
35652
35657
35658
35662
35663
35668
35673
35728
35733
35738
35743
35863
35868
35873
35878
35944
35949
35954
35959
35971
35976
35981
35986
35987
35991
35992
35997
36002
36061
36088
36149
36154
36159
36164
36169
36219
36224
36229
36234
36266
36316
36321
36326
36331
36354
36359
36364
36369
36370
36374
36375
36380
36385
36386
36391
36396
36401
36413
36417
36418
36423
36424
36428
36429
36434
36439
36444
36471
36494
36499
36504
36509
36568
36575
36580
36585
36590
36591
36595
36596
36601
36606
36665
36672
36677
36682
36687
36699
36704
36709
36714
36726
36731
36736
36741
36742
36747
36752
36753
36757
36758
36763
36768
36769
36773
36774
36779
36784
36796
36801
36806
36811
36870
36893
36898
36903
36908
36920
36925
36930
36935
36990
36995
37000
37005
37021
37048
37098
37103
37108
37113
37195
37200
37205
37206
37210
37211
37216
37221
37323
37346
37351
37356
37361
37373
37378
37383
37384
37388
37389
37394
37399
37404
37431
37632
37637
37642
37647
37648
37653
37658
37663
37686
37691
37696
37701
37706
37729
37734
37739
37740
37744
37745
37750
37755
37756
37760
37761
37766
37771
37830
37857
37954
37961
37966
37971
37976
37981
38015
38020
38025
38030
38031
38035
38036
38041
38046
38085
38090
38095
38100
38155
38160
38165
38166
38170
38171
38176
38181
38182
38186
38187
38192
38197
38256
38263
38268
38273
38278
38279
38284
38289
38290
38294
38295
38300
38305
38306
38310
38311
38316
38317
38321
38322
38327
38332
38337
38344
38349
38354
38359
38360
38364
38365
38370
38375
38468
38473
38478
38483
38488
38511
38516
38521
38526
38581
38586
38591
38596
38612
38635
38640
38645
38646
38650
38651
38656
38661
38662
38666
38667
38672
38677
38689
38694
38699
38704
38813
38817
38818
38823
38828
38937
38942
38947
38948
38952
38953
38958
38963
38968
38991
38996
39001
39006
39142
39147
39152
39157
39223
39228
39233
39238
39270
39293
39298
39303
39304
39308
39309
39314
39319
39324
39358
39363
39368
39373
39378
39572
39595
39600
39605
39610
39649
39654
39659
39664
39703
39708
39713
39718
39750
39757
39762
39767
39772
39777
39838
39843
39848
39853
39858
39897
39901
39902
39907
39908
39912
39913
39918
39923
39928
39955
40052
40059
40064
40069
40074
40075
40079
40080
40085
40086
40090
40091
40096
40101
40102
40106
40107
40112
40117
40140
40145
40150
40155
40160
40183
40188
40193
40198
40226
40230
40231
40236
40241
40253
40257
40258
40263
40268
40280
40285
40290
40295
40354
40361
40366
40371
40376
40377
40382
40387
40392
40404
40409
40414
40415
40419
40420
40425
40430
40431
40436
40441
40446
40485
40490
40495
40500
40539
40544
40549
40554
40555
40559
40560
40565
40570
40582
40587
40592
40597
40656
40663
40668
40673
40678
40679
40684
40689
40694
40834
40841
40846
40851
40856
40884
40889
40894
40899
40915
40981
40985
40986
40991
40992
40996
40997
41002
41007
41012
41073
41078
41083
41088
41093
41159
41163
41164
41169
41170
41174
41175
41180
41185
41217
41240
41245
41250
41255
41310
41314
41315
41320
41325
41337
41342
41347
41352
41418
41423
41428
41433
41488
41492
41493
41498
41503
41542
41547
41552
41557
41623
41628
41633
41638
41639
41643
41644
41649
41654
41677
41682
41687
41692
41697
41794
41817
41822
41827
41828
41832
41833
41838
41843
41848
41952
41957
41962
41967
41968
41973
41978
41983
42006
42011
42016
42021
42022
42026
42027
42032
42037
42119
42124
42129
42130
42134
42135
42140
42145
42157
42162
42167
42172
42173
42177
42178
42183
42188
42281
42286
42291
42296
42301
42335
42340
42345
42350
42351
42355
42356
42361
42366
42425
42432
42437
42442
42447
42479
42486
42491
42496
42501
42502
42506
42507
42512
42517
42576
42583
42588
42593
42598
42610
42615
42620
42625
42626
42630
42631
42636
42641
42664
42669
42674
42679
42680
42684
42685
42690
42695
42750
42755
42760
42761
42765
42766
42771
42776
42788
42793
42798
42803
42804
42808
42809
42814
42819
42831
42836
42841
42846
42869
42874
42879
42884
42889
42901
42906
42911
42916
42955
42959
42960
42965
42970
42986
43009
43014
43019
43024
43090
43095
43100
43105
43110
43133
43138
43143
43148
43214
43219
43224
43229
43241
43246
43251
43256
43268
43273
43278
43283
43284
43288
43289
43294
43299
43311
43316
43321
43326
43385
43412
43419
43424
43429
43434
43435
43439
43440
43445
43450
43543
43548
43553
43558
43613
43618
43623
43628
43710
43715
43720
43725
43737
43741
43742
43747
43748
43752
43753
43758
43763
43764
43768
43769
43774
43779
43838
43845
43850
43855
43860
43946
44066
44071
44076
44081
44093
44098
44103
44108
44131
44136
44141
44146
44151
44163
44168
44173
44178
44248
44271
44276
44281
44286
44352
44357
44362
44367
44372
44460
44465
44470
44475
44476
44480
44481
44486
44491
44503
44508
44513
44518
44573
44577
44578
44583
44588
44674
44681
44686
44691
44696
44697
44701
44702
44707
44712
44735
44740
44745
44750
44755
44762
44767
44772
44777
44782
44879
44902
44907
44912
44917
44976
44983
44988
44993
44998
44999
45003
45004
45009
45010
45014
45015
45020
45025
45026
45030
45031
45036
45041
45080
45085
45090
45095
45107
45112
45117
45122
45154
45161
45166
45171
45176
45181
45204
45208
45209
45214
45219
45301
45306
45311
45316
45328
45333
45338
45343
45355
45360
45365
45370
45393
45398
45403
45408
45413
45479
45484
45489
45494
45506
45510
45511
45516
45521
45533
45537
45538
45543
45548
45738
45743
45748
45753
45812
45835
45839
45840
45845
45850
45862
45867
45872
45877
45900
45905
45910
45915
45920
45936
45963
45990
46017
46087
46094
46099
46104
46109
46121
46126
46131
46136
46137
46141
46142
46147
46152
46164
46169
46174
46179
46245
46250
46255
46260
46261
46265
46266
46271
46272
46276
46277
46282
46287
46288
46293
46298
46299
46303
46304
46309
46314
46315
46319
46320
46325
46326
46330
46331
46336
46341
46342
46346
46347
46352
46357
46412
46416
46417
46422
46423
46427
46428
46433
46438
46466
46470
46471
46476
46481
46590
46595
46600
46601
46605
46606
46611
46616
46621
46644
46649
46654
46655
46659
46660
46665
46670
46671
46675
46676
46681
46686
46741
46746
46751
46752
46756
46757
46762
46767
46779
46784
46789
46794
46795
46799
46800
46805
46810
46833
46838
46843
46848
46853
46903
46908
46913
46918
46923
46946
46950
46951
46956
46961
46977
47000
47005
47010
47015
47054
47059
47064
47069
47074
47108
47113
47118
47123
47124
47128
47129
47134
47139
47178
47183
47188
47193
47232
47237
47242
47247
47248
47253
47258
47263
47275
47280
47285
47290
47302
47307
47312
47313
47317
47318
47323
47328
47333
47383
47388
47393
47398
47399
47404
47409
47414
47430
47453
47458
47463
47468
47491
47496
47501
47506
47511
47554
47561
47566
47571
47576
47608
47658
47663
47668
47673
47732
47755
47760
47765
47770
47836
47841
47846
47851
47879
47884
47889
47890
47894
47895
47900
47905
47917
47922
47927
47932
47933
47937
47938
47943
47948
48007
48014
48019
48024
48029
48041
48046
48051
48056
48057
48061
48062
48067
48068
48072
48073
48078
48083
48088
48158
48165
48170
48175
48180
48262
48267
48272
48277
48332
48337
48342
48347
48370
48375
48380
48385
48386
48391
48396
48401
48413
48418
48423
48424
48428
48429
48434
48439
48444
48483
48488
48493
48498
48514
48541
48568
48611
48618
48623
48628
48633
48672
48677
48682
48687
48692
48769
48774
48779
48784
48816
48839
48844
48849
48854
48866
48871
48876
48877
48881
48882
48887
48892
48893
48897
48898
48903
48908
48936
48940
48941
48946
48947
48951
48952
48957
48962
48974
48979
48984
48989
49017
49021
49022
49027
49032
49118
49141
49145
49146
49151
49156
49179
49184
49189
49194
49199
49222
49227
49232
49237
49265
49270
49275
49276
49280
49281
49286
49291
49330
49335
49340
49345
49346
49350
49351
49356
49361
49420
49427
49432
49437
49442
49443
49448
49453
49458
49470
49475
49480
49485
49501
49524
49529
49534
49539
49578
49583
49588
49593
49598
49632
49637
49642
49647
49652
49675
49680
49685
49690
49745
49750
49755
49760
49776
49826
49831
49836
49841
49907
49912
49917
49922
49923
49928
49933
49938
49961
49966
49971
49976
49977
49981
49982
49987
49992
50078
50101
50106
50111
50112
50116
50117
50122
50127
50132
50256
50290
50295
50300
50305
50306
50310
50311
50316
50321
50387
50392
50397
50402
50403
50408
50413
50418
50434
50457
50462
50467
50472
50565
50570
50575
50580
50581
50585
50586
50591
50592
50596
50597
50602
50607
50635
50640
50645
50650
50759
50764
50769
50774
50860
50867
50872
50877
50882
50887
50894
50899
50904
50909
50910
50914
50915
50920
50925
50948
50953
50958
50963
50968
51002
51007
51012
51017
51022
51045
51050
51055
51060
51072
51077
51082
51087
51092
51119
51185
51190
51195
51200
51212
51216
51217
51222
51227
51239
51244
51249
51250
51254
51255
51260
51265
51270
51293
51298
51303
51308
51347
51352
51357
51362
51394
51417
51422
51427
51432
51444
51449
51454
51459
51525
51530
51535
51540
51541
51546
51551
51556
51579
51584
51589
51594
51595
51599
51600
51605
51610
51696
51703
51708
51713
51718
51719
51723
51724
51729
51730
51734
51735
51740
51745
51750
51827
51832
51837
51842
51854
51859
51864
51869
51874
51908
51913
51918
51923
51924
51928
51929
51934
51939
51998
52005
52010
52015
52020
52021
52026
52031
52036
52048
52053
52058
52063
52075
52079
52080
52085
52090
52149
52156
52161
52166
52171
52176
52199
52204
52209
52210
52214
52215
52220
52225
52230
52253
52258
52263
52268
52323
52328
52333
52338
52404
52409
52414
52419
52474
52479
52484
52489
52501
52506
52511
52516
52555
52560
52565
52566
52570
52571
52576
52581
52586
52629
52636
52641
52646
52651
52683
52807
52911
52916
52921
52926
52954
52959
52964
52965
52969
52970
52975
52980
53008
53013
53018
53019
53023
53024
53029
53034
53039
53116
53121
53126
53131
53132
53137
53142
53143
53147
53148
53153
53158
53163
53287
53364
53369
53374
53379
53384
53391
53396
53401
53406
53472
53477
53482
53487
53488
53492
53493
53498
53503
53589
53612
53617
53622
53627
53643
53709
53714
53719
53724
53774
53779
53784
53789
53794
53817
53822
53827
53832
53914
53919
53924
53925
53929
53930
53935
53940
53945
53968
53973
53978
53979
53983
53984
53989
53994
53999
54049
54054
54059
54064
54119
54123
54124
54129
54134
54270
54275
54280
54285
54308
54313
54318
54323
54324
54328
54329
54334
54339
54351
54356
54361
54366
54425
54432
54437
54442
54447
54448
54452
54453
54458
54463
54513
54518
54523
54528
54533
54556
54561
54566
54571
54583
54588
54593
54598
54603
54630
54653
54658
54663
54668
54727
54734
54739
54744
54749
54750
54754
54755
54760
54765
54777
54782
54787
54792
54815
54820
54825
54830
54835
54858
54863
54868
54873
54905
54928
54932
54933
54938
54943
54955
54960
54965
54970
55052
55056
55057
55062
55063
55067
55068
55073
55078
55079
55083
55084
55089
55094
55153
55180
55187
55192
55197
55202
55230
55235
55240
55245
55257
55262
55267
55272
55365
55370
55375
55380
55381
55386
55391
55396
55408
55413
55418
55423
55478
55483
55488
55493
55505
55509
55510
55515
55516
55520
55521
55526
55531
55536
55543
55548
55553
55558
55563
55590
55687
55811
55834
55839
55844
55845
55849
55850
55855
55860
55861
55865
55866
55871
55876
55888
55892
55893
55898
55903
55915
55920
55925
55930
55962
55969
55974
55979
55984
56012
56017
56022
56027
56120
56125
56130
56135
56136
56141
56146
56147
56151
56152
56157
56162
56167
56190
56195
56200
56201
56205
56206
56211
56216
56217
56221
56222
56227
56232
56287
56292
56297
56302
56318
56325
56330
56335
56340
56345
56492
56497
56502
56507
56546
56551
56556
56561
56584
56589
56594
56599
56604
56627
56632
56637
56642
56643
56648
56653
56654
56658
56659
56664
56669
56670
56674
56675
56680
56681
56685
56686
56691
56696
56778
56783
56788
56793
56976
56999
57004
57009
57014
57100
57107
57112
57117
57122
57127
57161
57166
57171
57176
57181
57285
57290
57295
57300
57301
57305
57306
57311
57316
57375
57382
57387
57392
57397
57425
57429
57430
57435
57436
57440
57441
57446
57451
57452
57456
57457
57462
57463
57467
57468
57473
57478
57483
57506
57511
57516
57521
57587
57592
57597
57602
57607
57614
57619
57624
57629
57630
57635
57640
57645
57661
57700
57705
57710
57715
57754
57758
57759
57764
57769
57781
57786
57791
57792
57796
57797
57802
57807
57808
57812
57813
57818
57823
57909
57932
57936
57937
57942
57947
57986
57991
57996
57997
58001
58002
58007
58012
58017
58033
58060
58083
58088
58093
58098
58114
58137
58142
58147
58152
58211
58218
58223
58228
58233
58234
58239
58244
58245
58249
58250
58255
58260
58261
58265
58266
58271
58276
58358
58363
58368
58373
58385
58389
58390
58395
58400
58439
58444
58449
58454
58536
58540
58541
58546
58547
58551
58552
58557
58562
58567
58590
58595
58600
58605
58691
58714
58719
58724
58729
58815
58822
58827
58832
58837
58865
58869
58870
58875
58880
58892
58897
58902
58907
58993
59016
59021
59026
59031
59054
59059
59064
59069
59140
59144
59145
59150
59151
59155
59156
59161
59166
59178
59183
59188
59193
59194
59198
59199
59204
59209
59286
59291
59296
59301
59306
59318
59323
59328
59333
59349
59403
59469
59474
59479
59480
59484
59485
59490
59495
59507
59512
59517
59522
59523
59527
59528
59533
59538
59561
59566
59571
59576
59581
59631
59636
59641
59646
59651
59674
59679
59684
59685
59689
59690
59695
59700
59728
59733
59738
59743
59782
59787
59792
59797
59809
59814
59819
59824
59829
59852
59857
59862
59867
59906
59911
59916
59921
59953
59976
59981
59986
59991
60041
60046
60051
60056
60061
60111
60116
60121
60126
60154
60158
60159
60164
60169
60219
60224
60229
60234
60239
60278
60283
60288
60293
60336
60363
60386
60391
60396
60401
60483
60488
60493
60498
60564
60569
60574
60579
60611
60638
60645
60650
60655
60660
60661
60665
60666
60671
60672
60676
60677
60682
60687
60688
60692
60693
60698
60703
60789
60920
60925
60930
60935
60936
60940
60941
60946
60947
60951
60952
60957
60962
60963
60967
60968
60973
60974
60978
60979
60984
60989
60990
60994
60995
61000
61005
61017
61022
61027
61032
61114
61119
61124
61125
61129
61130
61135
61140
61145
61242
61249
61254
61259
61264
61265
61269
61270
61275
61280
61292
61296
61297
61302
61307
61319
61324
61329
61334
61470
61475
61480
61485
61567
61572
61577
61578
61582
61583
61588
61593
61594
61598
61599
61604
61609
61621
61626
61631
61636
61722
61729
61734
61739
61744
61756
61761
61766
61771
61776
61846
61853
61858
61863
61868
61923
61928
61933
61938
62024
62031
62036
62041
62046
62047
62052
62057
62058
62062
62063
62068
62073
62078
62085
62090
62095
62100
62101
62105
62106
62111
62116
62171
62176
62181
62186
62209
62214
62219
62224
62229
62349
62353
62354
62359
62360
62364
62365
62370
62375
62380
62403
62407
62408
62413
62414
62418
62419
62424
62429
62430
62434
62435
62440
62445
62511
62516
62521
62526
62554
62559
62564
62569
62592
62597
62602
62607
62612
62678
62682
62683
62688
62693
62705
62709
62710
62715
62716
62720
62721
62726
62731
62732
62736
62737
62742
62747
62759
62764
62769
62774
62813
62818
62823
62828
62937
62942
62947
62952
62991
62996
63001
63006
63007
63011
63012
63017
63022
63034
63039
63044
63049
63061
63066
63071
63076
63099
63104
63109
63114
63119
63196
63201
63206
63211
63250
63255
63260
63265
63270
63320
63325
63330
63335
63336
63341
63346
63351
63367
63444
63449
63454
63459
63595
63600
63605
63610
63642
63669
63692
63697
63702
63703
63707
63708
63713
63718
63723
63730
63735
63740
63745
63750
63820
63827
63832
63837
63842
63854
63859
63864
63869
63874
63967
63971
63972
63977
63982
63994
63999
64004
64009
64048
64053
64058
64063
64075
64080
64085
64090
64122
64129
64134
64139
64144
64145
64149
64150
64155
64156
64160
64161
64166
64171
64199
64204
64209
64214
64296
64301
64306
64307
64311
64312
64317
64322
64424
64431
64436
64441
64446
64447
64451
64452
64457
64458
64462
64463
64468
64473
64474
64478
64479
64484
64489
64512
64517
64522
64527
64532
64602
64629
64749
64754
64759
64764
64776
64780
64781
64786
64791
64803
64807
64808
64813
64818
64857
64862
64867
64872
64927
64931
64932
64937
64942
64954
64959
64964
64965
64969
64970
64975
64980
64985
65055
65062
65067
65072
65077
65105
65110
65115
65120
65132
65137
65142
65147
65233
65240
65245
65250
65255
65256
65260
65261
65266
65271
65294
65299
65304
65309
65310
65314
65315
65320
65325
65380
65384
65385
65390
65395
65411
65558
65563
65568
65569
65573
65574
65579
65584
65585
65590
65595
65600
65639
65644
65649
65654
65709
65713
65714
65719
65724
65736
65741
65746
65747
65751
65752
65757
65762
65767
65837
65844
65849
65854
65859
66015
66038
66042
66043
66048
66053
66076
66081
66086
66091
66092
66096
66097
66102
66107
66162
66167
66172
66177
66193
66220
66340
66345
66350
66351
66355
66356
66361
66366
66367
66372
66377
66382
66405
66410
66415
66420
66421
66425
66426
66431
66436
66502
66507
66512
66517
66518
66523
66528
66533
66545
66550
66555
66556
66560
66561
66566
66571
66576
66646
66653
66658
66663
66668
66707
66712
66717
66722
66727
66750
66755
66760
66765
66797
66851
66885
66890
66895
66900
66901
66905
66906
66911
66916
66939
66944
66949
66954
66959
66971
66976
66981
66982
66986
66987
66992
66997
67036
67041
67046
67051
67052
67057
67062
67067
67122
67126
67127
67132
67133
67137
67138
67143
67148
67160
67165
67170
67175
67176
67180
67181
67186
67191
67214
67219
67224
67229
67230
67234
67235
67240
67245
67284
67289
67294
67299
67304
67451
67456
67461
67462
67466
67467
67472
67477
67505
67510
67515
67520
67543
67548
67553
67558
67559
67563
67564
67569
67574
67613
67618
67623
67628
67629
67634
67639
67644
67660
67694
67699
67704
67709
67714
67764
67769
67774
67779
67791
67796
67801
67806
67818
67823
67828
67833
67838
67888
67893
67898
67903
67962
67985
67990
67995
67996
68000
68001
68006
68011
68039
68044
68049
68054
68093
68098
68103
68108
68147
68152
68157
68162
68163
68167
68168
68173
68178
68264
68287
68291
68292
68297
68298
68302
68303
68308
68313
68318
68388
68395
68400
68405
68410
68476
68481
68486
68491
68492
68496
68497
68502
68507
68589
68593
68594
68599
68604
68616
68620
68621
68626
68631
68643
68648
68653
68654
68658
68659
68664
68669
68674
68713
68718
68723
68728
68821
68826
68831
68836
68895
68902
68907
68912
68917
68918
68922
68923
68928
68933
68945
68950
68955
68956
68960
68961
68966
68971
68976
68999
69004
69009
69014
69046
69107
69112
69117
69122
69127
69220
69225
69230
69231
69235
69236
69241
69246
69247
69251
69252
69257
69262
69301
69306
69311
69312
69316
69317
69322
69327
69332
69355
69360
69365
69370
69371
69376
69381
69386
69429
69452
69457
69462
69467
69553
69576
69581
69586
69591
69657
69662
69667
69672
69704
69731
69738
69743
69748
69753
69754
69758
69759
69764
69769
69828
69835
69840
69845
69850
69862
69867
69872
69877
69878
69882
69883
69888
69893
70006
70029
70033
70034
70039
70044
70056
70060
70061
70066
70067
70071
70072
70077
70082
70083
70087
70088
70093
70098
70153
70157
70158
70163
70164
70168
70169
70174
70179
70207
70212
70217
70222
70331
70335
70336
70341
70342
70346
70347
70352
70357
70358
70362
70363
70368
70373
70385
70389
70390
70395
70400
70412
70417
70422
70427
70482
70487
70492
70493
70497
70498
70503
70508
70513
70660
70664
70665
70670
70675
70687
70692
70697
70702
70714
70719
70724
70729
70761
70768
70773
70778
70783
70788
70822
70827
70832
70837
70838
70842
70843
70848
70853
70989
70994
70999
71004
71081
71090
71097
71102
71107
71112
71113
71118
71123
71124
71128
71129
71134
71139
71167
71172
71177
71178
71182
71183
71188
71193
71415
71420
71425
71430
71453
71458
71463
71468
71480
71485
71490
71495
71500
71685
71690
71695
71700
71705
71728
71733
71738
71743
71775
71782
71787
71792
71797
71809
71814
71819
71824
71825
71829
71830
71835
71836
71840
71841
71846
71851
71856
71926
71933
71938
71943
71948
71960
71965
71970
71975
71980
72030
72035
72040
72045
72057
72062
72067
72072
72100
72105
72110
72115
72138
72143
72148
72153
72154
72159
72164
72165
72169
72170
72175
72180
72181
72185
72186
72191
72196
72251
72256
72261
72266
72282
72305
72310
72315
72316
72320
72321
72326
72331
72336
72343
72348
72353
72358
72363
72406
72413
72418
72423
72428
72440
72445
72450
72455
72510
72515
72520
72525
72591
72596
72601
72606
72607
72611
72612
72617
72622
72645
72650
72655
72660
72661
72665
72666
72671
72676
72688
72693
72698
72703
72731
72735
72736
72741
72746
72796
72801
72806
72811
72816
72886
72936
72941
72946
72951
72974
72979
72984
72989
72990
72994
72995
73000
73005
73060
73065
73070
73071
73075
73076
73081
73086
73098
73103
73108
73113
73118
73141
73146
73151
73156
73211
73216
73221
73226
73242
73303
73308
73313
73318
73319
73323
73324
73329
73334
73373
73378
73383
73388
73400
73405
73410
73415
73427
73432
73437
73442
73443
73447
73448
73453
73458
73544
73567
73572
73577
73578
73582
73583
73588
73593
73598
73648
73653
73658
73663
73702
73707
73712
73717
73756
73761
73766
73771
73772
73776
73777
73782
73787
73853
73858
73863
73868
73869
73874
73879
73884
73907
73912
73917
73922
73923
73927
73928
73933
73938
74024
74031
74036
74041
74046
74101
74106
74111
74116
74175
74182
74187
74192
74197
74236
74241
74246
74251
74252
74256
74257
74262
74267
74349
74353
74354
74359
74360
74364
74365
74370
74375
74387
74392
74397
74402
74407
74500
74505
74510
74511
74515
74516
74521
74526
74531
74538
74543
74548
74553
74558
74581
74586
74591
74592
74596
74597
74602
74607
74612
74678
74683
74688
74689
74693
74694
74699
74704
74716
74721
74726
74731
74732
74736
74737
74742
74747
74840
74845
74850
74855
74856
74860
74861
74866
74867
74871
74872
74877
74882
74883
74887
74888
74893
74898
74937
74942
74947
74952
74991
74996
75001
75006
75011
75061
75066
75071
75076
75142
75147
75152
75157
75162
75169
75174
75179
75184
75185
75189
75190
75195
75200
75212
75217
75222
75227
75313
75336
75341
75346
75351
75410
75417
75422
75427
75432
75487
75492
75497
75498
75502
75503
75508
75513
75514
75518
75519
75524
75529
75588
75595
75600
75605
75610
75622
75627
75632
75637
75638
75642
75643
75648
75649
75653
75654
75659
75664
75735
75739
75740
75745
75746
75750
75751
75756
75761
75793
75843
75848
75853
75858
75890
75897
75902
75907
75912
75913
75918
75923
75928
75944
75967
75972
75977
75982
76041
76048
76053
76058
76063
76064
76069
76074
76075
76079
76080
76085
76090
76102
76107
76112
76117
76118
76122
76123
76128
76133
76215
76220
76225
76230
76246
76269
76274
76279
76284
76343
76350
76355
76360
76365
76366
76371
76376
76377
76381
76382
76387
76392
76397
76424
76447
76452
76457
76462
76521
76528
76533
76538
76543
76571
76575
76576
76581
76586
76668
76673
76678
76683
76722
76726
76727
76732
76737
76749
76754
76759
76760
76764
76765
76770
76775
76780
76846
76850
76851
76856
76861
76884
76889
76894
76899
76900
76904
76905
76910
76915
77051
77056
77061
77066
77105
77110
77115
77120
77175
77179
77180
77185
77190
77213
77218
77223
77228
77229
77233
77234
77239
77244
77267
77272
77277
77282
77287
77310
77315
77320
77325
77357
77384
77488
77493
77498
77503
77504
77509
77514
77515
77519
77520
77525
77530
77535
77558
77563
77568
77573
77612
77617
77622
77627
77682
77687
77692
77693
77697
77698
77703
77708
77709
77714
77719
77724
77817
77822
77827
77832
77844
77849
77854
77859
77860
77864
77865
77870
77875
77988
77995
78000
78005
78010
78015
78146
78151
78156
78161
78166
78173
78178
78183
78188
78189
78193
78194
78199
78204
78227
78232
78237
78242
78247
78313
78318
78323
78324
78328
78329
78334
78339
78340
78345
78350
78351
78355
78356
78361
78366
78371
78468
78475
78480
78485
78490
78491
78495
78496
78501
78506
78518
78523
78528
78533
78572
78577
78582
78587
78653
78658
78663
78668
78673
78696
78701
78706
78711
78793
78798
78803
78808
78820
78825
78830
78835
78858
78863
78868
78873
78878
78955
78960
78965
78970
78982
78987
78992
78997
78998
79002
79003
79008
79013
79099
79106
79111
79116
79121
79126
79187
79192
79197
79202
79203
79207
79208
79213
79218
79311
79316
79321
79326
79327
79331
79332
79337
79342
79424
79429
79434
79435
79439
79440
79445
79450
79451
79455
79456
79461
79466
79532
79537
79542
79547
79579
79586
79591
79596
79601
79606
79613
79618
79623
79628
79633
79656
79661
79666
79671
79764
79769
79774
79779
79780
79784
79785
79790
79795
79818
79823
79828
79833
79838
79904
79909
79914
79919
79931
79936
79941
79946
79958
79963
79968
79969
79973
79974
79979
79984
79989
80059
80086
80109
80114
80119
80124
80163
80168
80173
80178
80210
80217
80222
80227
80232
80237
80264
80314
80319
80324
80329
80384
80389
80394
80399
80411
80416
80421
80426
80535
80540
80545
80546
80550
80551
80556
80561
80562
80566
80567
80572
80577
80589
80594
80599
80604
80627
80632
80637
80642
80647
80724
80729
80734
80739
80875
80880
80885
80890
80891
80896
80901
80902
80906
80907
80912
80917
80922
80972
80977
80982
80987
81026
81031
81036
81041
81053
81058
81063
81068
81073
81080
81085
81090
81095
81100
81177
81182
81187
81192
81204
81209
81214
81219
81224
81247
81252
81257
81258
81262
81263
81268
81273
81278
81348
81355
81360
81365
81370
81398
81403
81408
81409
81413
81414
81419
81424
81425
81429
81430
81435
81440
81526
81549
81554
81559
81560
81564
81565
81570
81575
81580
81603
81608
81613
81618
81650
81657
81662
81667
81672
81673
81678
81683
81688
81704
81711
81716
81721
81726
81731
81754
81759
81764
81769
81828
81835
81840
81845
81850
81851
81855
81856
81861
81866
81905
81910
81915
81920
81975
81980
81985
81990
82013
82018
82023
82028
82029
82033
82034
82039
82044
82056
82061
82066
82071
82153
82157
82158
82163
82164
82168
82169
82174
82179
82180
82184
82185
82190
82195
82308
82335
82342
82347
82352
82357
82358
82362
82363
82368
82373
82459
82466
82471
82476
82481
82482
82487
82492
82497
82509
82514
82519
82524
82583
82590
82595
82600
82605
82610
82633
82637
82638
82643
82644
82648
82649
82654
82659
82660
82664
82665
82670
82675
82687
82692
82697
82702
82761
82768
82773
82778
82783
82784
82789
82794
82799
82908
82912
82913
82918
82919
82923
82924
82929
82934
82935
82940
82945
82950
82962
82967
82972
82977
82989
82994
82999
83004
83063
83070
83075
83080
83085
83086
83091
83096
83101
83237
83241
83242
83247
83252
83388
83392
83393
83398
83399
83403
83404
83409
83414
83543
83566
83571
83576
83581
83631
83636
83641
83646
83651
83694
83701
83706
83711
83716
83717
83722
83727
83732
83755
83760
83765
83770
83775
83868
83872
83873
83878
83883
83933
83938
83943
83948
83953
83976
83981
83986
83991
84019
84024
84029
84030
84034
84035
84040
84045
84057
84062
84067
84072
84077
84100
84105
84110
84111
84115
84116
84121
84126
84131
84197
84201
84202
84207
84212
84228
84262
84267
84272
84277
84278
84282
84283
84288
84293
84402
84407
84412
84417
84456
84461
84466
84471
84503
84526
84530
84531
84536
84541
84553
84558
84563
84568
84591
84596
84601
84606
84607
84611
84612
84617
84622
84661
84666
84671
84676
84715
84720
84725
84730
84735
84828
84833
84838
84839
84843
84844
84849
84854
84855
84859
84860
84865
84870
84920
84925
84930
84935
84936
84940
84941
84946
84951
85010
85017
85022
85027
85032
85060
85065
85070
85075
85184
85188
85189
85194
85199
85222
85227
85232
85237
85242
85265
85270
85275
85280
85312
85319
85324
85329
85334
85335
85340
85345
85350
85463
85497
85502
85507
85512
85513
85517
85518
85523
85528
85551
85556
85561
85566
85567
85571
85572
85577
85582
85637
85642
85647
85652
85788
85792
85793
85798
85799
85803
85804
85809
85814
85819
85842
85847
85852
85857
85896
85901
85906
85911
85943
85950
85955
85960
85965
85970
85997
86031
86036
86041
86046
86051
86117
86122
86127
86128
86132
86133
86138
86143
86144
86149
86154
86159
86268
86273
86278
86279
86283
86284
86289
86294
86295
86300
86305
86310
86322
86327
86332
86333
86337
86338
86343
86348
86353
86376
86381
86386
86391
86423
86450
86547
86554
86559
86564
86569
86608
86613
86618
86623
86678
86683
86688
86689
86693
86694
86699
86704
86709
86748
86753
86758
86763
86775
86780
86785
86786
86790
86791
86796
86801
86813
86818
86823
86828
86833
86840
86845
86850
86855
86860
86872
86877
86882
86887
86910
86915
86920
86925
86937
86942
86947
86952
87034
87039
87044
87049
87081
87108
87158
87163
87168
87169
87173
87174
87179
87184
87185
87189
87190
87195
87200
87212
87217
87222
87227
87286
87390
87395
87400
87405
87406
87411
87416
87417
87421
87422
87427
87432
87433
87437
87438
87443
87444
87448
87449
87454
87459
87464
87471
87476
87481
87486
87491
87588
87595
87600
87605
87610
87611
87615
87616
87621
87626
87762
87766
87767
87772
87777
87789
87794
87799
87804
87816
87821
87826
87831
87890
87897
87902
87907
87912
87913
87918
87923
87928
87940
87945
87950
87951
87955
87956
87961
87966
87971
88041
88068
88091
88096
88101
88106
88138
88145
88150
88155
88160
88215
88220
88225
88230
88246
88296
88301
88306
88311
88350
88355
88360
88365
88366
88370
88371
88376
88377
88381
88382
88387
88392
88393
88397
88398
88403
88408
88463
88468
88473
88478
88521
88528
88533
88538
88543
88571
88576
88581
88586
88645
88652
88657
88662
88667
88679
88684
88689
88694
88695
88699
88700
88705
88710
88722
88727
88732
88737
88760
88765
88770
88775
88780
88803
88808
88813
88818
88846
88851
88856
88861
88877
88884
88889
88894
88899
88904
88970
88975
88980
88985
89001
89024
89028
89029
89034
89039
89202
89207
89212
89217
89229
89234
89239
89244
89310
89315
89320
89325
89326
89330
89331
89336
89341
89353
89358
89363
89368
89488
89493
89498
89503
89508
89515
89520
89525
89530
89535
89612
89617
89622
89627
89655
89660
89665
89670
89693
89698
89703
89708
89713
89833
89837
89838
89843
89848
89860
89865
89870
89875
89934
89941
89946
89951
89956
89968
89973
89978
89983
89988
90038
90043
90048
90053
90146
90151
90156
90161
90162
90166
90167
90172
90177
90209
90216
90221
90226
90231
90236
90243
90248
90253
90258
90259
90264
90269
90274
90290
90313
90318
90323
90324
90328
90329
90334
90339
90344
90421
90426
90431
90436
90448
90453
90458
90463
90468
90491
90496
90501
90506
90534
90539
90544
90549
90561
90566
90571
90576
90599
90604
90609
90614
90615
90619
90620
90625
90626
90630
90631
90636
90641
90646
90669
90674
90679
90684
90743
90770
90793
90798
90803
90808
90867
90944
90949
90954
90959
90971
90976
90981
90986
91045
91052
91057
91062
91067
91068
91073
91078
91079
91083
91084
91089
91094
91095
91099
91100
91105
91106
91110
91111
91116
91121
91126
91176
91181
91186
91191
91192
91197
91202
91203
91207
91208
91213
91218
91347
91354
91359
91364
91369
91370
91374
91375
91380
91381
91385
91386
91391
91396
91424
91429
91434
91439
91451
91456
91461
91466
91525
91559
91564
91569
91574
91579
91672
91677
91682
91687
91699
91703
91704
91709
91714
91764
91769
91774
91779
91784
91827
91850
91855
91860
91865
91888
91893
91898
91903
91904
91908
91909
91914
91919
91978
91985
91990
91995
92000
92028
92033
92038
92043
92109
92114
92119
92124
92152
92157
92162
92167
92183
92233
92238
92243
92248
92303
92308
92313
92314
92318
92319
92324
92329
92334
92395
92400
92405
92410
92415
92508
92512
92513
92518
92523
92643
92648
92653
92658
92659
92663
92664
92669
92674
92740
92745
92750
92751
92755
92756
92761
92766
92771
92794
92799
92804
92809
92837
92841
92842
92847
92852
92868
92902
92907
92912
92917
92922
92945
92950
92955
92960
92988
92993
92998
92999
93003
93004
93009
93014
93026
93031
93036
93041
93046
93096
93101
93106
93111
93150
93155
93160
93165
93166
93170
93171
93176
93181
93193
93198
93203
93204
93208
93209
93214
93219
93224
93231
93236
93241
93246
93247
93251
93252
93257
93262
93301
93306
93311
93316
93328
93333
93338
93343
93371
93376
93381
93386
93472
93495
93500
93505
93506
93510
93511
93516
93521
93526
93549
93554
93559
93560
93564
93565
93570
93575
93576
93580
93581
93586
93591
93630
93635
93640
93645
93650
93657
93662
93667
93672
93684
93689
93694
93699
93704
93797
93801
93802
93807
93812
93828
93851
93856
93861
93866
93905
93910
93915
93920
93925
93932
93937
93942
93947
93975
93979
93980
93985
93986
93990
93991
93996
94001
94006
94029
94034
94039
94044
94126
94131
94136
94141
94153
94158
94163
94168
94250
94255
94260
94265
94281
94288
94293
94298
94303
94304
94309
94314
94315
94319
94320
94325
94330
94331
94335
94336
94341
94346
94432
94583
94606
94611
94616
94617
94621
94622
94627
94632
94660
94665
94670
94675
94757
94761
94762
94767
94772
94822
94827
94832
94837
94842
94858
94865
94870
94875
94880
94892
94897
94902
94907
94908
94912
94913
94918
94919
94923
94924
94929
94934
95063
95086
95091
95096
95097
95101
95102
95107
95112
95117
95151
95156
95161
95166
95167
95171
95172
95177
95182
95183
95188
95193
95198
95237
95242
95247
95252
95268
95388
95392
95393
95398
95403
95426
95431
95436
95441
95442
95446
95447
95452
95457
95496
95501
95506
95511
95523
95528
95533
95538
95550
95555
95560
95565
95570
95593
95598
95603
95608
95667
95674
95679
95684
95689
95717
95722
95727
95732
95771
95776
95781
95786
95818
95872
95895
95899
95900
95905
95906
95910
95911
95916
95921
95926
95992
95996
95997
96002
96003
96007
96008
96013
96018
96143
96147
96148
96153
96154
96158
96159
96164
96169
96197
96202
96207
96212
96224
96228
96229
96234
96239
96251
96256
96261
96266
96298
96305
96310
96315
96320
96321
96326
96331
96332
96336
96337
96342
96347
96472
96477
96482
96483
96487
96488
96493
96498
96510
96515
96520
96525
96530
96553
96558
96563
96568
96623
96628
96633
96634
96638
96639
96644
96649
96654
96681
96785
96790
96795
96800
96812
96817
96822
96827
96832
96855
96860
96865
96870
96979
96983
96984
96989
96990
96994
96995
97000
97005
97006
97010
97011
97016
97021
97044
97049
97054
97059
97064
97114
97119
97124
97129
97134
97141
97146
97151
97156
97157
97162
97167
97172
97265
97270
97275
97280
97285
97292
97297
97302
97307
97308
97312
97313
97318
97323
97335
97340
97345
97350
97373
97378
97383
97388
97389
97393
97394
97399
97404
97459
97464
97469
97474
97490
97610
97615
97620
97621
97625
97626
97631
97636
97637
97641
97642
97647
97652
97702
97707
97712
97717
97718
97722
97723
97728
97733
97815
97819
97820
97825
97830
97916
97923
97928
97933
97938
97966
97971
97976
97981
98047
98052
98057
98062
98094
98121
98144
98149
98154
98155
98159
98160
98165
98170
98175
98241
98246
98251
98252
98256
98257
98262
98267
98279
98284
98289
98294
98299
98396
98403
98408
98413
98418
98419
98423
98424
98429
98430
98434
98435
98440
98445
98446
98451
98456
98461
98500
98505
98510
98515
98581
98586
98591
98596
98601
98624
98629
98634
98639
98721
98726
98731
98736
98748
98753
98758
98759
98763
98764
98769
98774
98849
98856
98861
98866
98871
98883
98888
98893
98898
98903
98910
98915
98920
98925
98926
98930
98931
98936
98941
99174
99179
99184
99189
99228
99232
99233
99238
99239
99243
99244
99249
99254
99255
99259
99260
99265
99270
99363
99368
99373
99378
99383
99507
99557
99562
99567
99572
99584
99589
99594
99599
99658
99665
99670
99675
99680
99685
99692
99697
99702
99707
99708
99712
99713
99718
99723
99809
99832
99836
99837
99842
99843
99847
99848
99853
99858
99863
99983
99987
99988
99993
99994
99998
99999
100004
100009
100010
100014
100015
100020
100025
100037
100042
100047
100052
100134
100139
100144
100149
100161
100165
100166
100171
100176
100188
100193
100198
100203
100312
100316
100317
100322
100327
100339
100344
100349
100354
100440
100447
100452
100457
100462
100467
100490
100494
100495
100500
100505
100591
100598
100603
100608
100613
100618
100641
100646
100651
100656
100765
100769
100770
100775
100780
100792
100797
100802
100807
100819
100823
100824
100829
100834
100916
100921
100926
100931
100943
100948
100953
100954
100958
100959
100964
100969
100974
101094
101099
101104
101105
101109
101110
101115
101120
101125
101148
101153
101158
101163
101256
101261
101266
101271
101299
101304
101309
101310
101314
101315
101320
101325
101330
101400
101427
101450
101455
101460
101461
101465
101466
101471
101476
101481
101558
101563
101568
101573
101585
101590
101595
101600
101605
101655
101660
101665
101670
101725
101730
101735
101736
101740
101741
101746
101751
101752
101756
101757
101762
101763
101767
101768
101773
101778
101783
101806
101811
101816
101821
101930
101935
101940
101945
102065
102070
102075
102080
102081
102085
102086
102091
102096
102108
102113
102118
102123
102270
102275
102280
102285
102290
102360
102394
102399
102404
102409
102410
102414
102415
102420
102425
102475
102480
102485
102490
102495
102592
102615
102620
102625
102630
102685
102689
102690
102695
102696
102700
102701
102706
102711
102716
102739
102744
102749
102754
102820
102825
102830
102835
102867
102874
102879
102884
102889
102894
102917
102922
102927
102928
102932
102933
102938
102943
102948
103014
103019
103024
103025
103029
103030
103035
103040
103041
103046
103051
103052
103056
103057
103062
103067
103072
103106
103111
103116
103121
103126
103192
103197
103202
103207
103219
103223
103224
103229
103234
103273
103278
103283
103288
103327
103332
103337
103342
103354
103359
103364
103369
103374
103397
103402
103407
103408
103412
103413
103418
103423
103428
103451
103456
103461
103466
103498
103505
103510
103515
103520
103532
103537
103542
103547
103548
103553
103558
103563
103586
103591
103596
103601
103606
103656
103661
103666
103671
103676
103699
103703
103704
103709
103714
103737
103742
103747
103752
103753
103757
103758
103763
103768
103823
103828
103833
103834
103838
103839
103844
103849
103861
103866
103871
103876
103881
103931
103936
103941
103946
104001
104005
104006
104011
104012
104016
104017
104022
104027
104028
104032
104033
104038
104043
104066
104071
104076
104081
104082
104086
104087
104092
104097
104163
104168
104173
104178
104190
104195
104200
104205
104206
104210
104211
104216
104221
104307
104314
104319
104324
104329
104330
104334
104335
104340
104345
104357
104362
104367
104368
104372
104373
104378
104383
104388
104411
104416
104421
104426
104458
104519
104524
104529
104534
104535
104539
104540
104545
104550
104609
104616
104621
104626
104631
104632
104637
104642
104643
104647
104648
104653
104658
104659
104664
104669
104674
104713
104718
104723
104728
104783
104788
104793
104798
104814
104864
104869
104874
104879
104934
104938
104939
104944
104945
104949
104950
104955
104960
104965
105026
105031
105036
105041
105046
105123
105128
105133
105138
105139
105144
105149
105154
105263
105267
105268
105273
105278
105290
105295
105300
105301
105305
105306
105311
105316
105321
105328
105333
105338
105343
105348
105371
105376
105381
105386
105425
105430
105435
105440
105576
105581
105586
105591
105592
105597
105602
105603
105607
105608
105613
105618
105623
105646
105651
105656
105661
105673
105678
105683
105688
105781
105786
105791
105796
105801
105844
105851
105856
105861
105866
105871
105878
105883
105888
105893
105905
105910
105915
105920
105925
105948
105953
105958
105959
105963
105964
105969
105974
105979
106049
106076
106103
106126
106131
106136
106141
106169
106174
106179
106184
106196
106200
106201
106206
106207
106211
106212
106217
106222
106234
106239
106244
106249
106250
106254
106255
106260
106265
106304
106309
106314
106319
106374
106378
106379
106384
106389
106401
106405
106406
106411
106416
106428
106433
106438
106439
106443
106444
106449
106454
106459
106509
106514
106519
106524
106525
106530
106535
106536
106540
106541
106546
106551
106579
106584
106589
106594
106680
106687
106692
106697
106702
106703
106708
106713
106714
106718
106719
106724
106729
106730
106734
106735
106740
106745
106784
106789
106794
106799
106811
106816
106821
106826
106838
106843
106848
106853
106865
106870
106875
106880
106885
107005
107010
107015
107016
107020
107021
107026
107031
107059
107064
107069
107074
107097
107102
107107
107112
107117
107160
107187
107194
107199
107204
107209
107210
107215
107220
107225
107442
107447
107452
107457
107485
107490
107495
107500
107512
107516
107517
107522
107523
107527
107528
107533
107538
107543
107577
107582
107587
107592
107597
107647
107652
107657
107662
107667
107674
107679
107684
107689
107825
107830
107835
107840
107841
107845
107846
107851
107856
107868
107873
107878
107883
107922
107927
107932
107937
107969
107976
107981
107986
107991
107992
107996
107997
108002
108003
108007
108008
108013
108018
108023
108030
108035
108040
108045
108050
108120
108154
108159
108164
108169
108170
108175
108180
108185
108294
108299
108304
108309
108321
108326
108331
108336
108348
108353
108358
108359
108363
108364
108369
108374
108375
108379
108380
108385
108390
108445
108449
108450
108455
108456
108460
108461
108466
108471
108483
