2
5
9
13
19
23
30
33
40
44
50
54
62
68
78
82
93
99
109
113
120
127
135
141
152
166
173
180
190
200
207
215
231
239
249
256
267
284
292
298
319
326
343
357
368
375
382
389
399
406
413
417
424
441
455
469
483
490
497
501
518
525
535
539
549
556
567
571
591
598
608
612
622
626
646
650
661
671
682
689
699
710
727
734
748
758
769
779
794
800
811
818
828
835
852
866
884
894
905
912
922
926
936
943
954
964
978
985
999
1013
1023
1027
1037
1041
1051
1058
1069
1079
1093
1104
1114
1121
1135
1145
1156
1163
1177
1184
1194
1201
1212
1219
1229
1236
1247
1257
1267
1275
1299
1306
1320
1326
1334
1344
1355
1362
1379
1386
1397
1403
1414
1421
1438
1445
1456
1466
1477
1484
1494
1505
1515
1522
1543
1553
1564
1574
1585
1595
1602
1609
1620
1627
1641
1648
1658
1668
1686
1693
1707
1717
1728
1735
1745
1752
1763
1770
1787
1798
1808
1815
1829
1839
1853
1864
1874
1881
1888
1895
1909
1920
1930
1941
1951
1958
1969
1979
1993
2000
2014
2021
2035
2042
2056
2063
2077
2087
2101
2111
2129
2136
2147
2153
2167
2174
2188
2202
2213
2223
2234
2244
2258
2268
2286
2293
2307
2317
2328
2335
2352
2359
2373
2380
2394
2404
2415
2422
2432
2443
2453
2460
2474
2481
2495
2502
2516
2523
2537
2547
2558
2565
2575
2582
2596
2603
2614
2621
2631
2641
2649
2659
2673
2680
2694
2701
2715
2725
2739
2746
2767
2774
2788
2795
2809
2816
2826
2833
2843
2847
2858
2865
2882
2886
2896
2907
2924
2934
2949
2959
2976
2983
2997
3004
3018
3025
3035
3039
3053
3060
3070
3081
3095
3102
3112
3119
3130
3137
3151
3158
3172
3182
3203
3210
3227
3238
3252
3258
3269
3276
3283
3294
3311
3318
3325
3329
3339
3349
3363
3370
3381
3388
3402
3409
3419
3426
3440
3447
3468
3482
3492
3499
3510
3517
3531
3538
3548
3555
3562
3566
3576
3587
3604
3611
3625
3635
3642
3653
3663
3670
3684
3691
3705
3719
3736
3747
3757
3764
3775
3782
3792
3799
3810
3816
3824
3831
3841
3851
3859
3869
3890
3907
3918
3932
3942
3949
3963
3974
3984
3998
4005
4012
4022
4029
4043
4054
4064
4071
4085
4092
4099
4106
4120
4130
4144
4155
4166
4176
4190
4197
4207
4214
4225
4232
4249
4263
4273
4280
4298
4308
4319
4326
4336
4343
4354
4364
4374
4385
4406
4413
4427
4434
4444
4451
4469
4476
4490
4500
4514
4521
4535
4546
4563
4570
4580
4591
4601
4615
4626
4633
4643
4650
4660
4671
4685
4699
4709
4716
4727
4734
4748
4754
4762
4772
4786
4797
4814
4821
4835
4845
4856
4870
4880
4887
4901
4905
4912
4922
4936
4943
4953
4964
4981
4992
5002
5009
5023
5030
5041
5048
5058
5068
5075
5082
5100
5107
5124
5131
5145
5152
5159
5166
5180
5190
5201
5208
5218
5225
5236
5243
5253
5260
5271
5278
5288
5295
5312
5320
5330
5341
5351
5361
5375
5386
5396
5410
5424
5431
5442
5452
5463
5469
5480
5490
5498
5508
5522
5532
5546
5553
5567
5574
5588
5602
5613
5623
5640
5647
5658
5665
5679
5689
5703
5710
5731
5738
5752
5762
5773
5780
5794
5801
5811
5818
5829
5839
5850
5857
5874
5881
5888
5895
5916
5926
5937
5944
5954
5965
5975
5982
6000
6010
6020
6028
6045
6052
6066
6076
6094
6104
6118
6125
6143
6150
6167
6174
6188
6195
6209
6219
6230
6237
6247
6258
6265
6272
6289
6300
6310
6317
6338
6345
6355
6366
6376
6383
6397
6411
6418
6429
6439
6446
6456
6463
6474
6481
6495
6502
6512
6523
6533
6540
6558
6568
6582
6596
6610
6617
6631
6641
6652
6662
6676
6683
6697
6704
6711
6725
6732
6739
6749
6756
6767
6774
6784
6791
6805
6812
6826
6833
6844
6854
6868
6878
6889
6896
6910
6917
6927
6934
6945
6952
6962
6976
6990
6997
7011
7021
7032
7039
7049
7056
7067
7077
7091
7098
7112
7122
7140
7147
7157
7164
7175
7182
7192
7199
7210
7216
7227
7234
7245
7251
7262
7269
7283
7290
7300
7311
7321
7332
7342
7356
7367
7374
7384
7398
7408
7419
7433
7443
7457
7464
7475
7485
7496
7506
7520
7530
7544
7551
7565
7572
7583
7590
7604
7611
7621
7628
7646
7656
7677
7684
7694
7701
7715
7722
7733
7740
7750
7757
7774
7785
7806
7813
7823
7830
7841
7848
7858
7869
7879
7889
7900
7907
7921
7928
7949
7956
7966
7973
7984
7991
8008
8019
8029
8040
8050
8060
8074
8085
8095
8106
8116
8127
8137
8144
8158
8165
8186
8196
8207
8214
8228
8235
8245
8252
8263
8270
8280
8287
8301
8315
8322
8336
8346
8353
8364
8371
8381
8388
8399
8406
8416
8430
8441
8451
8472
8479
8489
8496
8510
8517
8528
8538
8549
8556
8566
8580
8591
8597
8615
8625
8636
8643
8657
8664
8674
8681
8692
8699
8713
8723
8740
8747
8765
8772
8786
8793
8803
8810
8821
8831
8845
8859
8869
8876
8890
8897
8908
8915
8925
8932
8943
8950
8960
8967
8988
8998
9013
9019
9033
9040
9051
9058
9068
9079
9089
9096
9114
9124
9138
9152
9166
9170
9187
9194
9204
9211
9225
9239
9257
9267
9281
9291
9302
9312
9326
9333
9344
9351
9361
9368
9379
9389
9403
9410
9424
9428
9438
9448
9459
9469
9480
9487
9501
9511
9528
9532
9546
9553
9567
9574
9588
9595
9605
9612
9623
9630
9647
9654
9668
9678
9693
9699
9713
9724
9734
9745
9762
9769
9780
9790
9800
9804
9818
9825
9839
9849
9860
9867
9877
9884
9895
9902
9916
9926
9940
9947
9968
9975
9992
10003
10013
10020
10034
10041
10052
10062
10079
10086
10093
10100
10111
10121
10132
10139
10149
10156
10167
10177
10191
10205
10219
10233
10240
10247
10257
10268
10278
10285
10296
10303
10320
10334
10341
10355
10372
10379
10390
10397
10407
10414
10425
10432
10442
10453
10463
10470
10484
10498
10508
10519
10529
10536
10547
10554
10564
10571
10582
10589
10599
10613
10630
10634
10648
10658
10669
10676
10686
10693
10704
10711
10721
10735
10752
10756
10770
10780
10791
10798
10808
10815
10826
10833
10843
10850
10868
10875
10885
10896
10906
10913
10923
10934
10948
10955
10969
10976
10990
10997
11014
11028
11045
11056
11070
11077
11087
11094
11105
11112
11122
11133
11143
11157
11168
11178
11199
11206
11216
11223
11237
11244
11254
11258
11269
11279
11290
11296
11307
11311
11328
11338
11349
11359
11377
11384
11394
11408
11422
11432
11443
11453
11471
11478
11492
11499
11509
11516
11530
11537
11551
11558
11576
11586
11600
11610
11621
11628
11642
11649
11659
11670
11680
11694
11708
11718
11726
11736
11750
11757
11767
11774
11785
11795
11806
11813
11823
11833
11848
11854
11872
11886
11896
11907
11921
11928
11938
11952
11973
11977
11991
11997
12011
12022
12032
12043
12057
12067
12081
12091
12102
12113
12130
12137
12154
12161
12172
12182
12193
12203
12214
12221
12235
12245
12262
12273
12290
12301
12311
12318
12332
12339
12350
12357
12374
12381
12395
12402
12423
12430
12440
12447
12458
12465
12475
12486
12503
12510
12524
12534
12541
12552
12566
12573
12587
12594
12604
12611
12625
12632
12646
12660
12670
12677
12691
12698
12709
12716
12726
12733
12747
12754
12775
12789
12799
12810
12820
12824
12834
12841
12852
12859
12869
12876
12887
12893
12904
12915
12932
12939
12953
12960
12970
12981
12991
12998
13012
13019
13033
13040
13061
13068
13078
13085
13096
13103
13113
13120
13134
13141
13152
13162
13172
13176
13190
13197
13208
13218
13232
13239
13249
13256
13267
13277
13291
13298
13308
13319
13330
13340
13354
13361
13371
13378
13389
13399
13410
13420
13431
13438
13452
13459
13476
13483
13504
13511
13528
13535
13549
13556
13567
13574
13584
13598
13608
13615
13633
13643
13654
13661
13671
13678
13689
13696
13706
13713
13734
13738
13755
13765
13776
13786
13797
13807
13821
13828
13842
13852
13863
13877
13884
13891
13905
13912
13922
13929
13940
13947
13964
13971
13982
13989
14006
14016
14034
14041
14058
14065
14076
14086
14100
14107
14114
14121
14132
14142
14156
14163
14173
14180
14191
14201
14212
14222
14233
14240
14257
14268
14285
14292
14313
14320
14334
14341
14351
14358
14369
14376
14386
14393
14407
14414
14421
14428
14445
14452
14463
14470
14480
14487
14501
14508
14522
14529
14539
14543
14550
14564
14574
14581
14592
14599
14609
14616
14627
14637
14651
14658
14672
14682
14696
14707
14717
14724
14735
14742
14752
14759
14773
14780
14790
14798
14815
14822
14832
14843
14853
14864
14874
14881
14892
14902
14916
14923
14944
14958
14968
14975
14986
14993
15003
15010
15024
15031
15042
15049
15059
15069
15080
15087
15101
15115
15125
15132
15143
15150
15160
15167
15181
15192
15209
15216
15226
15233
15244
15251
15265
15272
15282
15289
15303
15310
15321
15331
15348
15359
15373
15380
15394
15401
15411
15418
15429
15439
15449
15453
15471
15481
15492
15498
15512
15519
15530
15540
15551
15565
15575
15586
15596
15603
15624
15634
15641
15652
15662
15669
15683
15690
15701
15708
15722
15732
15749
15756
15764
15774
15788
15795
15805
15812
15823
15833
15844
15851
15868
15875
15889
15903
15920
15927
15938
15945
15955
15962
15973
15983
16001
16011
16025
16032
16049
16060
16074
16081
16091
16102
16112
16123
16133
16140
16154
16168
16175
16182
16196
16203
16213
16220
16231
16238
16248
16255
16266
16273
16290
16304
16314
16321
16339
16346
16356
16363
16374
16381
16391
16405
16416
16426
16440
16450
16461
16468
16482
16489
16499
16506
16517
16524
16534
16541
16562
16576
16590
16597
16607
16614
16625
16632
16642
16649
16660
16667
16684
16691
16702
16712
16733
16740
16750
16757
16771
16782
16792
16799
16810
16817
16831
16841
16855
16862
16876
16886
16900
16907
16918
16925
16935
16942
16953
16963
16974
16984
17001
17008
17022
17029
17043
17050
17061
17068
17085
17092
17106
17116
17134
17141
17151
17158
17169
17176
17186
17193
17204
17211
17221
17235
17252
17259
17277
17284
17294
17301
17312
17319
17329
17336
17350
17357
17371
17385
17399
17409
17420
17427
17437
17444
17455
17462
17472
17479
17497
17504
17514
17528
17538
17549
17563
17573
17584
17591
17601
17608
17619
17626
17643
17657
17664
17671
17685
17695
17706
17713
17723
17730
17741
17748
17758
17772
17786
17793
17814
17821
17831
17838
17849
17856
17866
17873
17884
17891
17908
17919
17929
17939
17957
17964
17974
17985
17995
18002
18013
18020
18030
18037
18051
18061
18079
18089
18100
18107
18117
18124
18135
18142
18152
18159
18173
18180
18201
18215
18225
18232
18243
18250
18260
18267
18278
18285
18299
18306
18316
18326
18337
18351
18365
18375
18386
18393
18403
18410
18421
18428
18445
18452
18469
18476
18494
18501
18511
18518
18529
18536
18546
18553
18567
18574
18595
18605
18613
18619
18633
18640
18651
18658
18668
18679
18689
18696
18710
18721
18731
18745
18759
18766
18776
18787
18797
18804
18815
18822
18832
18842
18853
18860
18881
18891
18902
18912
18923
18930
18940
18947
18961
18968
18982
18989
19003
19010
19024
19031
19041
19048
19059
19066
19080
19087
19097
19104
19118
19129
19136
19146
19160
19167
19177
19188
19205
19212
19223
19230
19240
19247
19258
19268
19282
19296
19306
19313
19327
19334
19345
19352
19362
19369
19380
19390
19400
19404
19425
19432
19446
19453
19463
19470
19481
19491
19502
19512
19523
19529
19540
19554
19568
19575
19589
19596
19606
19613
19624
19634
19648
19659
19666
19673
19683
19693
19711
19718
19739
19746
19756
19767
19777
19784
19791
19805
19816
19822
19833
19840
19850
19857
19868
19875
19889
19896
19906
19913
19927
19938
19948
19962
19976
19983
19993
20004
20014
20021
20032
20039
20056
20063
20074
20080
20098
20112
20122
20129
20143
20150
20161
20171
20185
20196
20206
20213
20227
20241
20255
20265
20276
20283
20293
20300
20314
20321
20332
20342
20352
20359
20373
20380
20398
20405
20415
20422
20433
20440
20450
20457
20474
20478
20499
20513
20523
20530
20541
20548
20558
20565
20576
20586
20600
20614
20621
20628
20642
20652
20663
20670
20680
20687
20698
20708
20719
20729
20740
20747
20764
20774
20788
20795
20813
20820
20830
20837
20848
20858
20869
20876
20890
20900
20917
20924
20935
20945
20959
20966
20977
20984
20994
21008
21022
21036
21047
21053
21067
21074
21085
21092
21102
21113
21127
21133
21141
21151
21172
21186
21200
21210
21221
21228
21238
21249
21259
21266
21277
21287
21297
21304
21322
21329
21343
21350
21360
21371
21381
21388
21398
21402
21423
21427
21444
21454
21468
21475
21486
21496
21510
21517
21531
21542
21552
21559
21576
21583
21594
21601
21615
21625
21639
21646
21657
21664
21674
21688
21702
21709
21730
21737
21747
21754
21765
21772
21786
21793
21810
21821
21831
21838
21852
21862
21873
21880
21894
21901
21911
21918
21929
21936
21953
21960
21970
21977
21988
21995
22009
22016
22026
22033
22047
22054
22065
22072
22089
22096
22106
22110
22124
22131
22145
22152
22162
22169
22180
22187
22197
22211
22232
22239
22256
22263
22274
22281
22291
22298
22309
22316
22326
22333
22347
22351
22361
22375
22386
22396
22410
22417
22427
22434
22445
22455
22469
22476
22490
22497
22511
22515
22532
22539
22549
22556
22567
22574
22588
22595
22605
22612
22633
22640
22651
22661
22675
22685
22696
22703
22717
22727
22738
22745
22759
22766
22776
22790
22804
22814
22832
22839
22849
22856
22867
22874
22884
22891
22905
22915
22930
22940
22954
22964
22975
22982
22996
23003
23013
23020
23034
23041
23055
23062
23076
23083
23094
23100
23114
23121
23132
23139
23153
23163
23173
23177
23191
23205
23219
23233
23243
23250
23261
23268
23278
23289
23306
23313
23327
23341
23355
23362
23372
23379
23393
23400
23414
23421
23435
23442
23453
23459
23470
23477
23487
23494
23508
23519
23529
23536
23547
23554
23571
23578
23599
23606
23623
23630
23641
23648
23658
23669
23679
23686
23700
23707
23721
23735
23749
23756
23766
23773
23784
23791
23801
23808
23822
23829
23840
23847
23864
23868
23878
23892
23906
23916
23927
23937
23948
23955
23965
23972
23986
23993
24014
24028
24038
24045
24056
24063
24073
24080
24091
24097
24108
24115
24126
24136
24150
24161
24171
24181
24195
24202
24216
24227
24237
24248
24258
24265
24275
24282
24300
24307
24321
24331
24342
24349
24359
24366
24377
24387
24398
24405
24422
24429
24443
24450
24464
24474
24485
24492
24509
24520
24530
24537
24548
24558
24572
24579
24593
24600
24614
24621
24631
24638
24648
24652
24666
24673
24687
24701
24711
24718
24729
24739
24753
24764
24774
24781
24795
24802
24809
24823
24837
24847
24858
24865
24875
24886
24896
24903
24914
24924
24938
24945
24962
24973
24987
24994
25004
25011
25022
25029
25039
25046
25057
25064
25081
25088
25102
25109
25123
25133
25144
25151
25161
25168
25179
25186
25200
25207
25221
25227
25245
25255
25273
25280
25297
25304
25315
25322
25332
25343
25353
25363
25374
25381
25395
25402
25416
25426
25437
25444
25454
25465
25479
25489
25510
25520
25534
25545
25555
25562
25573
25580
25590
25604
25618
25622
25636
25646
25660
25667
25677
25688
25702
25709
25719
25726
25737
25744
25761
25775
25789
25803
25817
25824
25834
25841
25852
25859
25869
25880
25894
25900
25918
25929
25939
25949
25963
25970
25984
25995
26005
26019
26030
26040
26061
26071
26082
26089
26103
26110
26120
26127
26141
26148
26159
26169
26183
26190
26204
26214
26228
26235
26246
26253
26263
26270
26281
26291
26301
26309
26326
26333
26347
26354
26364
26375
26385
26392
26403
26413
26424
26434
26448
26455
26469
26476
26490
26497
26511
26518
26528
26539
26556
26563
26574
26584
26598
26608
26619
26626
26640
26647
26657
26664
26675
26682
26696
26706
26727
26741
26755
26765
26776
26783
26793
26800
26811
26818
26828
26835
26853
26859
26877
26887
26898
26905
26919
26926
26936
26950
26961
26971
26982
26992
27006
27013
27027
27034
27048
27055
27065
27072
27083
27093
27104
27111
27128
27135
27142
27149
27159
27170
27184
27191
27201
27208
27219
27225
27236
27243
27257
27264
27285
27292
27302
27309
27320
27327
27341
27348
27362
27369
27379
27386
27404
27414
27435
27442
27452
27463
27477
27484
27498
27508
27518
27522
27536
27550
27567
27574
27585
27592
27602
27609
27620
27630
27641
27648
27658
27665
27679
27689
27700
27714
27724
27731
27742
27752
27763
27770
27780
27787
27797
27808
27815
27819
27829
27839
27850
27857
27867
27878
27892
27899
27916
27926
27941
27947
27965
27972
27986
27993
28007
28014
28024
28038
28049
28059
28073
28083
28090
28097
28108
28115
28125
28132
28143
28150
28167
28174
28195
28209
28226
28237
28247
28254
28265
28272
28282
28289
28300
28307
28324
28338
28352
28359
28376
28383
28397
28404
28415
28422
28432
28439
28453
28467
28488
28495
28505
28516
28526
28533
28544
28554
28565
28575
28586
28596
28610
28624
28638
28645
28659
28666
28676
28683
28694
28701
28711
28718
28732
28742
28750
28760
28774
28781
28791
28798
28809
28819
28830
28837
28854
28861
28868
28879
28889
28903
28913
28920
28931
28938
28952
28959
28969
28980
28990
28997
29007
29011
29028
29035
29049
29056
29067
29074
29084
29091
29102
29109
29126
29133
29147
29154
29175
29182
29192
29199
29210
29217
29227
29234
29248
29262
29283
29290
29297
29304
29314
29325
29335
29342
29353
29360
29370
29377
29391
29398
29419
29429
29440
29447
29461
29468
29478
29485
29496
29503
29513
29520
29531
29537
29555
29569
29579
29586
29600
29607
29618
29625
29635
29642
29663
29670
29691
29698
29708
29715
29726
29733
29743
29750
29761
29771
29782
29789
29799
29806
29816
29827
29837
29848
29862
29869
29879
29886
29897
29904
29914
29921
29935
29945
29953
29963
29973
29980
29991
29998
30008
30019
30029
30036
30050
30061
30078
30092
30106
30113
30127
30134
30144
30151
30162
30169
30186
30193
30203
30210
30221
30235
30249
30256
30266
30273
30284
30291
30301
30308
30326
30336
30347
30357
30368
30374
30392
30399
30413
30420
30437
30448
30458
30469
30479
30489
30496
30507
30517
30528
30542
30549
30559
30566
30577
30584
30601
30612
30629
30636
30650
30657
30671
30681
30692
30699
30709
30716
30734
30741
30758
30765
30779
30786
30800
30810
30821
30828
30838
30845
30866
30873
30884
30891
30908
30915
30929
30936
30957
30964
30974
30981
30992
30999
31009
31016
31030
31044
31051
31065
31075
31082
31093
31100
31110
31117
31128
31138
31152
31159
31170
31177
31194
31201
31211
31218
31229
31243
31253
31260
31274
31281
31292
31298
31316
31323
31333
31340
31351
31361
31372
31379
31389
31396
31410
31417
31428
31435
31452
31463
31480
31487
31504
31511
31522
31539
31550
31557
31574
31578
31595
31605
31623
31630
31644
31651
31661
31668
31679
31686
31696
31707
31724
31734
31749
31759
31776
31783
31794
31801
31818
31829
31839
31853
31874
31881
31898
31905
31916
31923
31933
31940
31954
31961
31975
31989
31996
32010
32020
32024
32038
32048
32059
32066
32076
32083
32094
32101
32111
32118
32132
32139
32146
32160
32174
32181
32191
32198
32209
32216
32226
32233
32244
32254
32268
32282
32292
32299
32313
32324
32334
32341
32352
32359
32369
32376
32394
32404
32425
32432
32442
32449
32463
32470
32481
32488
32498
32505
32516
32526
32547
32557
32568
32575
32589
32596
32606
32613
32627
32634
32645
32655
32676
32683
32697
32704
32718
32725
32735
32742
32753
32760
32770
32777
32791
32798
32805
32812
32829
32836
32847
32854
32864
32871
32882
32889
32899
32906
32917
32924
32941
32952
32962
32972
32990
32997
33007
33018
33028
33035
33049
33063
33073
33084
33098
33105
33115
33122
33133
33140
33150
33157
33168
33175
33189
33196
33210
33220
33241
33255
33269
33279
33290
33297
33311
33318
33328
33338
33356
33366
33384
33391
33401
33408
33419
33426
33436
33443
33457
33471
33485
33499
33509
33516
33530
33537
33548
33555
33565
33576
33586
33593
33604
33611
33628
33635
33649
33656
33670
33680
33691
33698
33708
33715
33729
33736
33757
33771
33785
33792
33802
33809
33820
33827
33837
33844
33855
33862
33872
33879
33893
33904
33914
33928
33938
33945
33956
33963
33977
33987
33998
34005
34022
34032
34046
34053
34071
34078
34088
34095
34106
34113
34123
34130
34144
34151
34165
34179
34193
34203
34214
34221
34231
34238
34249
34256
34270
34280
34301
34308
34325
34336
34346
34353
34364
34371
34381
34388
34402
34409
34419
34423
34440
34447
34458
34465
34479
34486
34496
34503
34514
34521
34535
34542
34559
34566
34587
34594
34611
34618
34629
34636
34646
34657
34674
34685
34702
34709
34723
34730
34740
34751
34761
34768
34779
34786
34796
34803
34814
34821
34831
34845
34859
34866
34880
34890
34901
34908
34918
34925
34936
34943
34953
34967
34984
34991
35009
35016
35026
35033
35044
35051
35061
35072
35082
35096
35110
35120
35131
35141
35152
35159
35169
35176
35187
35194
35204
35211
35232
35239
35253
35263
35274
35281
35291
35298
35309
35316
35326
35333
35344
35354
35368
35382
35399
35410
35420
35427
35438
35445
35455
35462
35473
35480
35490
35501
35518
35525
35539
35549
35560
35570
35581
35588
35598
35605
35616
35623
35640
35647
35661
35665
35675
35689
35699
35706
35717
35724
35738
35748
35759
35769
35790
35797
35811
35818
35832
35839
35849
35856
35867
35874
35884
35891
35905
35919
35933
35943
35954
35964
35975
35982
35992
35999
36010
36017
36027
36034
36048
36058
36065
36076
36090
36097
36107
36114
36125
36132
36142
36149
36160
36170
36184
36198
36208
36215
36229
36240
36250
36257
36268
36275
36285
36299
36313
36320
36334
36344
36355
36362
36372
36379
36390
36397
36407
36414
36425
36431
36442
36456
36470
36474
36484
36494
36505
36512
36522
36529
36547
36554
36564
36571
36592
36599
36613
36623
36634
36641
36651
36658
36672
36679
36690
36697
36714
36721
36735
36742
36756
36770
36780
36787
36798
36805
36815
36822
36833
36840
36857
36868
36878
36888
36906
36913
36923
36934
36944
36951
36962
36969
36979
36986
37004
37010
37028
37038
37052
37059
37073
37084
37094
37101
37112
37122
37133
37143
37157
37167
37181
37188
37202
37209
37220
37227
37237
37248
37258
37272
37286
37300
37314
37321
37331
37338
37349
37356
37366
37373
37387
37394
37408
37422
37436
37446
37457
37464
37474
37481
37492
37499
37509
37516
37527
37537
37548
37558
37572
37582
37596
37603
37617
37624
37635
37642
37652
37663
37673
37687
37701
37711
37722
37732
37743
37750
37764
37771
37781
37788
37799
37806
37823
37837
37851
37858
37875
37882
37893
37900
37910
37917
37928
37935
37952
37966
37973
37980
37994
38004
38015
38022
38032
38039
38050
38057
38067
38074
38085
38095
38109
38123
38133
38140
38154
38161
38172
38179
38189
38196
38203
38210
38224
38238
38252
38259
38269
38276
38287
38294
38304
38311
38322
38328
38339
38346
38360
38367
38388
38395
38405
38412
38423
38430
38444
38451
38461
38468
38478
38486
38503
38517
38527
38534
38545
38555
38569
38576
38590
38597
38608
38615
38629
38635
38649
38660
38674
38684
38698
38705
38719
38726
38737
38747
38757
38768
38782
38789
38803
38810
38820
38827
38838
38845
38855
38862
38876
38886
38897
38911
38925
38932
38942
38949
38960
38967
38981
38991
39005
39009
39019
39026
39036
39044
39054
39064
39078
39085
39096
39103
39120
39131
39141
39152
39162
39172
39190
39204
39218
39225
39235
39242
39253
39260
39277
39288
39298
39305
39326
39333
39347
39357
39368
39375
39385
39392
39406
39413
39424
39431
39448
39452
39462
39472
39483
39497
39507
39518
39528
39539
39553
39560
39570
39577
39594
39605
39619
39629
39640
39647
39661
39668
39678
39692
39706
39720
39737
39748
39758
39765
39776
39783
39793
39800
39814
39828
39839
39849
39866
39873
39884
39891
39905
39912
39922
39929
39940
39947
39957
39971
39985
39992
40013
40020
40034
40041
40051
40058
40069
40076
40090
40100
40114
40121
40132
40142
40159
40166
40177
40184
40198
40205
40219
40226
40236
40250
40257
40271
40285
40295
40306
40313
40323
40330
40341
40348
40358
40369
40379
40389
40400
40414
40428
40438
40449
40456
40466
40473
40484
40491
40505
40515
40529
40536
40543
40557
40571
40578
40588
40595
40606
40613
40627
40634
40644
40651
40658
40672
40686
40700
40714
40721
40731
40738
40749
40756
40766
40773
40784
40794
40808
40822
40832
40839
40853
40860
40871
40878
40888
40895
40906
40913
40930
40937
40951
40958
40972
40982
40993
41000
41010
41017
41028
41038
41049
41056
41073
41083
41097
41104
41122
41129
41139
41146
41157
41164
41178
41188
41209
41216
41233
41244
41254
41261
41272
41279
41289
41296
41307
41317
41338
41352
41366
41376
41387
41394
41404
41411
41422
41429
41439
41446
41460
41467
41481
41495
41505
41512
41523
41530
41540
41547
41558
41565
41575
41582
41596
41606
41617
41631
41641
41648
41659
41666
41676
41683
41694
41701
41711
41722
41739
41746
41767
41774
41788
41795
41805
41812
41823
41830
41844
41851
41861
41868
41882
41889
41903
41917
41927
41934
41945
41952
41962
41969
41980
41987
41997
42004
42018
42025
42032
42039
42056
42063
42074
42081
42091
42098
42108
42112
42123
42130
42140
42150
42161
42168
42178
42189
42203
42210
42224
42231
42241
42248
42269
42276
42290
42300
42311
42318
42328
42335
42349
42356
42367
42374
42388
42395
42405
42416
42433
42443
42461
42468
42482
42489
42499
42506
42517
42524
42538
42545
42562
42569
42583
42593
42611
42618
42628
42635
42646
42653
42663
42670
42684
42691
42712
42722
42733
42740
42750
42761
42771
42778
42789
42799
42810
42817
42834
42844
42858
42865
42883
42890
42900
42907
42918
42925
42942
42956
42973
42984
42998
43005
43015
43022
43033
43040
43050
43057
43068
43078
43099
43113
43127
43137
43148
43155
43165
43172
43183
43190
43200
43211
43221
43228
43238
43249
43263
43270
43284
43291
43301
43308
43319
43326
43336
43343
43357
43364
43374
43385
43399
43406
43416
43423
43437
43444
43455
43462
43479
43493
43510
43521
43535
43542
43552
43559
43570
43577
43587
43594
43608
43615
43629
43636
43650
43657
43667
43674
43685
43692
43702
43709
43720
43727
43737
43748
43758
43765
43775
43786
43800
43807
43821
43828
43838
43845
43856
43863
43873
43880
43894
43904
43912
43922
43936
43943
43953
43960
43971
43981
43992
43999
44016
44027
44037
44044
44065
44072
44082
44093
44103
44110
44121
44128
44142
44149
44163
44169
44187
44197
44215
44222
44236
44243
44253
44260
44271
44281
44292
44302
44316
44326
44340
44347
44361
44368
44379
44386
44396
44407
44417
44431
44445
44459
44473
44480
44494
44501
44511
44518
44529
44536
44546
44560
44577
44585
44602
44609
44616
44623
44633
44640
44654
44661
44672
44679
44693
44703
44714
44721
44738
44748
44762
44769
44787
44794
44804
44818
44829
44839
44853
44867
44881
44888
44902
44909
44919
44926
44937
44944
44958
44965
44982
44992
45010
45024
45038
45045
45055
45062
45073
45080
45090
45097
45111
45115
45129
45136
45153
45163
45174
45184
45202
45209
45219
45233
45244
45251
45261
45275
45289
45299
45317
45324
45334
45341
45352
45359
45373
45380
45390
45404
45425
45439
45453
45460
45470
45477
45488
45498
45509
45516
45533
45540
45557
45564
45582
45589
45599
45606
45617
45624
45634
45645
45662
45676
45693
45704
45718
45725
45735
45742
45753
45760
45770
45777
45794
45805
45826
45833
45843
45850
45861
45868
45878
45885
45896
45906
45917
45927
45941
45955
45969
45976
45990
45997
46007
46014
46028
46035
46049
46056
46066
46073
46091
46098
46108
46115
46126
46133
46143
46150
46161
46168
46185
46192
46202
46213
46234
46241
46251
46258
46269
46276
46286
46293
46314
46321
46332
46342
46356
46363
46373
46380
46391
46401
46412
46419
46429
46443
46450
46457
46468
46475
46492
46499
46506
46513
46523
46534
46548
46555
46565
46572
46583
46589
46597
46607
46628
46635
46649
46656
46670
46677
46687
46694
46708
46722
46729
46736
46746
46753
46771
46778
46788
46795
46806
46813
46827
46834
46844
46854
46869
46876
46893
46907
46917
46924
46942
46949
46959
46970
46987
46994
47001
47008
47022
47029
47050
47057
47067
47074
47088
47095
47106
47113
47127
47133
47141
47147
47165
47179
47193
47200
47214
47221
47231
47245
47259
47266
47280
47287
47294
47301
47311
47318
47329
47336
47346
47353
47367
47374
47388
47402
47412
47416
47430
47444
47458
47465
47475
47482
47493
47503
47514
47524
47538
47548
47562
47569
47583
47590
47601
47608
47618
47625
47636
47646
47660
47667
47688
47695
47709
47719
47730
47737
47747
47754
47765
47772
47786
47796
47810
47817
47831
47841
47852
47859
47869
47876
47887
47894
47904
47911
47925
47932
47942
47946
47963
47970
47977
47984
47995
48002
48012
48019
48030
48037
48047
48061
48071
48082
48103
48110
48120
48127
48138
48145
48155
48162
48176
48187
48204
48218
48225
48232
48242
48253
48263
48270
48281
48288
48298
48309
48319
48326
48337
48344
48361
48368
48382
48389
48403
48413
48424
48431
48441
48448
48462
48469
48483
48497
48507
48511
48521
48528
48539
48546
48556
48563
48574
48581
48595
48602
48619
48633
48650
48661
48675
48682
48692
48699
48710
48720
48731
48741
48762
48769
48780
48786
48800
48807
48818
48825
48835
48846
48856
48863
48877
48891
48902
48912
48926
48933
48943
48950
48961
48971
48982
48989
48999
49006
49020
49027
49041
49055
49065
49076
49086
49093
49104
49111
49121
49128
49139
49146
49160
49170
49184
49188
49205
49215
49229
49236
49247
49257
49271
49278
49292
49306
49320
49330
49341
49348
49362
49369
49379
49386
49400
49407
49418
49425
49442
49449
49463
49470
49491
49498
49508
49515
49526
49533
49543
49550
49564
49571
49581
49592
49606
49613
49623
49630
49641
49648
49658
49665
49676
49683
49700
49707
49721
49725
49742
49752
49763
49770
49780
49791
49801
49808
49822
49829
49840
49846
49864
49871
49881
49888
49899
49909
49920
49927
49937
49944
49958
49965
49979
49993
50007
50014
50028
50035
50045
50052
50063
50070
50084
50091
50101
50108
50118
50129
50143
50150
50164
50171
50181
50188
50199
50206
50216
50223
50237
50241
50251
50262
50279
50286
50300
50310
50321
50331
50342
50352
50363
50369
50377
50384
50401
50415
50429
50436
50453
50460
50471
50481
50495
50502
50509
50516
50526
50537
50547
50558
50568
50575
50586
50593
50607
50614
50624
50631
50645
50652
50666
50680
50690
50697
50708
50715
50725
50732
50743
50750
50767
50774
50788
50792
50802
50816
50826
50837
50847
50858
50868
50875
50886
50893
50903
50917
50938
50942
50959
50966
50976
50983
50994
51001
51018
51025
51036
51043
51053
51064
51071
51081
51095
51109
51119
51130
51144
51151
51161
51168
51182
51189
51210
51220
51231
51241
51252
51259
51269
51276
51287
51294
51304
51311
51325
51339
51353
51360
51374
51381
51391
51398
51409
51416
51426
51433
51447
51454
51465
51475
51485
51489
51499
51506
51520
51531
51541
51548
51559
51566
51576
51583
51597
51611
51632
51646
51656
51663
51674
51681
51691
51702
51712
51723
51740
51747
51761
51771
51782
51792
51803
51810
51820
51827
51838
51845
51859
51869
51883
51890
51904
51914
51928
51935
51946
51953
51963
51970
51981
51988
51998
52009
52026
52030
52047
52057
52068
52078
52089
52099
52110
52117
52127
52138
52155
52162
52183
52190
52204
52211
52221
52228
52239
52246
52256
52263
52274
52281
52295
52305
52319
52329
52347
52354
52368
52375
52385
52392
52399
52406
52420
52427
52444
52451
52462
52469
52479
52486
52497
52504
52514
52521
52532
52539
52556
52570
52591
52605
52615
52622
52633
52640
52650
52657
52668
52678
52699
52713
52723
52734
52744
52751
52762
52769
52779
52786
52797
52804
52818
52828
52842
52856
52873
52884
52894
52901
52912
52919
52929
52936
52947
52957
52968
52978
52992
52999
53013
53020
53034
53041
53051
53058
53069
53076
53086
53100
53114
53121
53135
53145
53156
53163
53173
53180
53191
53198
53208
53219
53229
53236
53247
53257
53271
53278
53292
53299
53313
53320
53330
53337
53347
53351
53365
53379
53396
53403
53414
53421
53431
53438
53449
53459
53470
53477
53487
53494
53501
53508
53525
53536
53550
53557
53567
53574
53588
53595
53606
53613
53623
53633
53644
53651
53661
53672
53686
53693
53703
53710
53721
53728
53738
53749
53763
53773
53794
53801
53815
53829
53839
53846
53857
53867
53878
53885
53899
53906
53920
53926
53944
53954
53972
53979
53996
54003
54014
54021
54031
54045
54059
54066
54080
54090
54101
54108
54118
54125
54136
54143
54153
54164
54178
54188
54202
54216
54230
54237
54251
54258
54268
54275
54289
54296
54314
54324
54341
54348
54359
54366
54380
54387
54397
54404
54415
54422
54432
54439
54453
54463
54481
54495
54505
54512
54523
54530
54540
54547
54558
54565
54582
54596
54607
54613
54631
54638
54648
54655
54666
54680
54690
54701
54711
54718
54732
54746
54760
54770
54781
54788
54798
54805
54816
54823
54833
54840
54861
54865
54875
54889
54903
54910
54920
54931
54941
54948
54962
54969
54980
54990
55007
55011
55021
55028
55039
55049
55060
55067
55077
55084
55095
55102
55119
55133
55147
55154
55171
55182
55192
55199
55210
55217
55227
55234
55248
55258
55266
55276
55290
55297
55307
55314
55325
55335
55346
55353
55363
55373
55380
55384
55398
55409
55426
55433
55447
55454
55464
55475
55492
55499
55510
55517
55527
55534
55555
55565
55583
55590
55600
55614
55625
55632
55642
55649
55663
55677
55688
55698
55712
55719
55729
55736
55747
55757
55768
55775
55785
55795
55806
55813
55824
55834
55848
55855
55865
55872
55883
55893
55907
55914
55925
55931
55942
55952
55966
55973
55991
55998
56008
56015
56033
56043
56054
56064
56074
56085
56099
56106
56120
56127
56137
56144
56155
56165
56176
56186
56207
56214
56224
56231
56245
56252
56266
56273
56284
56291
56301
56312
56322
56329
56343
56357
56367
56378
56388
56399
56409
56416
56427
56434
56448
56458
56472
56479
56493
56503
56517
56524
56535
56542
56552
56559
56570
56580
56591
56601
56615
56629
56643
56650
56664
56671
56681
56688
56702
56713
56727
56737
56751
56761
56772
56782
56796
56803
56814
56821
56831
56838
56849
56856
56866
56880
56890
56897
56908
56922
56932
56939
56950
56957
56967
56974
56985
56995
57016
57023
57033
57040
57054
57061
57072
57079
57089
57096
57107
57114
57131
57138
57155
57159
57180
57187
57197
57204
57215
57222
57232
57239
57250
57260
57274
57288
57302
57309
57323
57330
57340
57347
57358
57365
57375
57382
57396
57410
57421
57431
57445
57452
57462
57469
57480
57490
57501
57508
57518
57525
57535
57546
57560
57574
57584
57591
57602
57609
57619
57626
57637
57647
57658
57665
57675
57689
57703
57710
57731
57738
57748
57755
57769
57776
57787
57794
57808
57818
57832
57839
57853
57863
57877
57884
57895
57902
57912
57919
57930
57937
57947
57954
57965
57975
57989
58003
58013
58020
58034
58041
58052
58059
58069
58076
58090
58097
58111
58125
58135
58142
58153
58160
58170
58177
58191
58198
58209
58219
58240
58247
58261
58268
58282
58289
58299
58306
58317
58324
58334
58341
58352
58362
58376
58390
58400
58407
58421
58428
58439
58446
58456
58463
58474
58484
58494
58498
58512
58519
58529
58540
58550
58554
58564
58571
58582
58589
58599
58610
58620
58627
58645
58655
58669
58679
58690
58697
58711
58718
58732
58739
58749
58756
58770
58784
58798
58808
58819
58826
58836
58843
58854
58864
58875
58882
58892
58899
58909
58920
58930
58934
58951
58958
58969
58976
58986
58993
59004
59011
59025
59032
59049
59056
59070
59080
59098
59105
59115
59122
59133
59143
59154
59164
59178
59188
59202
59209
59223
59230
59241
59248
59258
59265
59276
59283
59293
59304
59321
59331
59349
59356
59370
59377
59387
59394
59405
59412
59426
59436
59450
59460
59475
59481
59495
59502
59513
59520
59530
59541
59551
59565
59583
59589
59607
59617
59628
59635
59649
59656
59666
59673
59684
59694
59708
59719
59736
59743
59757
59764
59778
59788
59799
59806
59816
59827
59841
59851
59865
59879
59893
59900
59914
59921
59931
59938
59949
59956
59966
59973
59987
59994
60008
60022
60032
60039
60053
60060
60071
60078
60088
60095
60109
60116
60126
60137
60151
60161
60172
60179
60189
60196
60207
60214
60224
60231
60245
60252
60266
60280
60294
60301
60311
60318
60329
60336
60346
60353
60367
60374
60385
60395
60405
60416
60426
60433
60444
60454
60465
60472
60482
60489
60500
60507
60521
60531
60545
60552
60566
60576
60590
60597
60608
60615
60625
60632
60646
60653
60667
60674
60688
60695
60705
60712
60723
60730
60740
60747
60758
60765
60779
60789
60803
60810
60831
60838
60852
60859
60869
60876
60887
60894
60904
60911
60925
60929
60939
60953
60967
60974
60984
60995
61005
61012
61023
61030
61040
61047
61061
61068
61086
61096
61110
61117
61127
61134
61145
61155
61166
61173
61183
61190
61197
61204
61214
61225
61239
61246
61256
61263
61274
61281
61291
61298
61309
61316
61330
61340
61354
61361
61375
61385
61399
61406
61417
61424
61434
61441
61459
61466
61476
61483
61497
61507
61518
61532
61542
61549
61560
61567
61577
61584
61595
61602
61612
61626
61640
61647
61661
61671
61682
61689
61699
61706
61717
61724
61741
61748
61765
61769
61783
61793
61804
61811
61821
61828
61839
61846
61856
61867
61881
61888
61898
61912
61922
61933
61947
61957
61968
61975
61985
61992
62006
62013
62027
62041
62051
62058
62069
62076
62086
62093
62104
62111
62121
62128
62139
62145
62156
62170
62184
62191
62205
62212
62222
62229
62240
62247
62261
62268
62278
62292
62306
62316
62334
62341
62351
62358
62369
62379
62390
62397
62407
62418
62435
62445
62463
62470
62484
62491
62501
62508
62519
62526
62536
62550
62564
62571
62585
62595
62606
62613
62623
62630
62641
62648
62658
62665
62679
62686
62696
62707
62721
62728
62738
62745
62756
62763
62773
62780
62794
62801
62815
62822
62840
62846
62860
62867
62878
62885
62895
62906
62916
62923
62937
62944
62954
62965
62982
62990
63000
63010
63021
63028
63038
63045
63059
63070
63084
63094
63105
63111
63122
63136
63150
63157
63171
63178
63192
63199
63209
63223
63234
63244
63258
63268
63279
63289
63303
63310
63321
63328
63338
63349
63356
63363
63373
63387
63404
63415
63432
63439
63450
63457
63467
63478
63488
63502
63516
63527
63537
63547
63558
63568
63579
63586
63603
63610
63621
63627
63645
63652
63669
63680
63694
63701
63711
63718
63729
63739
63750
63760
63774
63785
63795
63809
63826
63833
63844
63854
63868
63875
63886
63893
63907
63917
63931
63941
63959
63966
63980
63987
63997
64004
64015
64025
64036
64043
64060
64067
64081
64088
64095
64109
64119
64126
64137
64144
64154
64161
64168
64179
64196
64203
64213
64220
64231
64238
64252
64259
64269
64283
64294
64301
64318
64332
64346
64353
64370
64377
64388
64395
64405
64412
64423
64430
64447
64458
64468
64482
64499
64506
64517
64527
64538
64545
64555
64562
64572
64576
64590
64604
64621
64628
64639
64646
64656
64663
64674
64684
64695
64702
64712
64719
64729
64740
64747
64761
64775
64782
64792
64799
64813
64820
64831
64841
64851
64862
64879
64886
64900
64907
64918
64925
64935
64942
64956
64967
64977
64984
65002
65008
65022
65033
65043
65050
65061
65071
65085
65092
65103
65113
65127
65134
65148
65155
65169
65176
65186
65193
65204
65211
65225
65232
65246
65256
65270
65280
65298
65305
65319
65326
65336
65343
65354
65361
65371
65382
65396
65406
65420
65430
65441
65451
65465
65472
65483
65490
65504
65514
65528
65542
65559
65570
65584
65591
65601
65608
65619
65626
65636
65643
65657
65664
65675
65685
65699
65706
65716
65723
65734
65744
65755
65762
65772
65779
65793
65804
65814
65828
65838
65845
65856
65863
65877
65884
65894
65905
65915
65922
65936
65943
65960
65971
65981
65988
65999
66006
66016
66023
66034
66041
66051
66062
66079
66083
66093
66107
66117
66128
66138
66149
66159
66166
66180
66187
66201
66208
66225
66232
66243
66253
66264
66271
66281
66288
66299
66306
66316
66323
66337
66344
66355
66365
66382
66389
66400
66407
66421
66428
66438
66445
66459
66473
66487
66497
66505
66511
66525
66532
66543
66550
66560
66571
66581
66588
66599
66609
66623
66630
66648
66658
66672
66679
66689
66696
66707
66717
66727
66735
66749
66755
66773
66780
66794
66804
66818
66825
66839
66846
66857
66867
66888
66895
66905
66909
66923
66933
66947
66954
66968
66975
66989
66996
67007
67013
67024
67034
67048
67055
67066
67080
67090
67097
67108
67115
67129
67139
67153
67163
67181
67188
67202
67209
67223
67230
67240
67251
67261
67275
67293
67300
67317
67327
67338
67345
67359
67369
67383
67390
67408
67418
67429
67439
67453
67460
67474
67481
67495
67502
67512
67519
67530
67537
67547
67561
67571
67582
67596
67606
67617
67624
67634
67641
67652
67662
67673
67683
67697
67707
67725
67732
67746
67753
67763
67770
67781
67788
67798
67812
67833
67840
67854
67861
67878
67885
67896
67903
67913
67920
67931
67941
67952
67959
67969
67980
67990
68004
68018
68028
68039
68049
68063
68070
68084
68091
68102
68112
68126
68133
68143
68150
68161
68171
68182
68189
68199
68206
68216
68224
68238
68245
68262
68269
68283
68293
68311
68318
68332
68342
68356
68366
68377
68387
68401
68408
68419
68426
68436
68443
68457
68464
68478
68485
68499
68506
68520
68534
68548
68558
68569
68576
68586
68593
68607
68614
68628
68642
68656
68660
68670
68680
68691
68698
68708
68715
68729
68736
68747
68754
68764
68771
68781
68785
68799
68806
68823
68830
68841
68848
68858
68869
68879
68886
68904
68914
68924
68928
68942
68949
68959
68970
68980
68987
68998
69005
69019
69026
69040
69050
69071
69078
69095
69106
69116
69123
69134
69141
69151
69162
69172
69179
69186
69193
69207
69214
69228
69238
69249
69256
69266
69273
69284
69291
69301
69308
69319
69329
69343
69357
69367
69374
69388
69395
69406
69413
69423
69434
69444
69451
69461
69465
69482
69489
69503
69510
69521
69528
69538
69549
69559
69566
69580
69587
69604
69615
69625
69632
69643
69650
69660
69667
69678
69685
69699
69706
69723
69737
69754
69765
69779
69786
69796
69803
69814
69821
69831
69842
69852
69866
69873
69887
69901
69911
69922
69929
69939
69946
69957
69964
69974
69981
69995
70002
70016
70030
70040
70047
70058
70065
70075
70082
70093
70100
70114
70121
70138
70145
70159
70169
70187
70194
70204
70211
70222
70229
70239
70246
70260
70264
70281
70295
70305
70312
70323
70333
70344
70351
70361
70368
70379
70386
70396
70407
70424
70431
70445
70455
70466
70476
70487
70494
70504
70511
70522
70529
70546
70560
70570
70577
70595
70602
70612
70619
70630
70637
70647
70654
70665
70672
70689
70703
70713
70720
70738
70745
70755
70762
70773
70780
70794
70804
70825
70832
70849
70860
70870
70877
70888
70895
70905
70912
70923
70933
70943
70954
70971
70975
70992
70999
71010
71017
71027
71034
71045
71055
71069
71076
71090
71097
71114
71121
71132
71139
71149
71156
71167
71177
71188
71195
71212
71222
71240
71254
71268
71275
71285
71292
71303
71310
71320
71327
71341
71355
71369
71379
71390
71397
71407
71414
71425
71432
71442
71449
71463
71470
71484
71498
71508
71515
71526
71533
71543
71550
71561
71568
71578
71585
71599
71606
71627
71637
71648
71655
71665
71672
71683
71690
71700
71707
71718
71725
71735
71749
71763
71773
71791
71798
71808
71815
71826
71833
71843
71850
71861
71867
71878
71889
71906
71910
71920
71930
71941
71948
71962
71969
71986
71993
72007
72014
72028
72038
72052
72059
72070
72077
72087
72094
72108
72115
72126
72133
72143
72157
72171
72178
72199
72209
72220
72227
72237
72244
72255
72262
72276
72286
72303
72310
72328
72335
72349
72356
72366
72373
72384
72391
72401
72408
72426
72433
72450
72464
72474
72485
72502
72509
72523
72530
72551
72558
72569
72575
72589
72596
72607
72614
72624
72635
72645
72652
72663
72670
72680
72690
72701
72711
72722
72729
72743
72750
72760
72767
72778
72785
72795
72809
72823
72837
72851
72858
72872
72879
72889
72896
72907
72914
72928
72935
72952
72966
72980
72987
73008
73015
73025
73032
73043
73050
73060
73067
73078
73085
73095
73106
73116
73126
73137
73151
73161
73172
73182
73189
73203
73210
73224
73231
73248
73252
73262
73269
73280
73287
73297
73304
73315
73322
73332
73343
73353
73367
73388
73395
73412
73419
73430
73437
73447
73454
73465
73472
73486
73496
73510
73514
73524
73538
73549
73555
73569
73580
73590
73597
73608
73618
73632
73646
73660
73667
73688
73695
73705
73712
73723
73730
73740
73747
73758
73765
73779
73789
73799
73810
73824
73834
73848
73855
73866
73873
73883
73890
73907
73918
73929
73939
73953
73960
73970
73977
73988
73998
74009
74019
74029
74040
74051
74061
74075
74082
74096
74103
74117
74127
74141
74148
74159
74166
74176
74183
74193
74197
74207
74214
74232
74239
74249
74256
74270
74277
74288
74295
74309
74315
74330
74337
74347
74361
74375
74382
74396
74406
74417
74427
74441
74455
74469
74476
74490
74497
74511
74518
74528
74535
74549
74560
74570
74581
74598
74605
74612
74619
74636
74647
74657
74664
74678
74685
74696
74702
74713
74720
74731
74741
74755
74765
74776
74783
74797
74804
74818
74825
74835
74846
74863
74877
74894
74905
74919
74926
74940
74947
74957
74968
74978
74985
74995
75006
75016
75024
75041
75048
75058
75065
75076
75083
75097
75107
75118
75128
75139
75149
75166
75173
75187
75194
75208
75215
75229
75240
75250
75257
75268
75278
75292
75299
75313
75323
75337
75344
75362
75369
75379
75386
75400
75414
75435
75442
75452
75459
75470
75477
75487
75494
75505
75512
75526
75536
75547
75553
75571
75581
75599
75606
75620
75627
75637
75648
75658
75669
75679
75693
75707
75717
75728
75738
75749
75756
75766
75773
75787
75794
75805
75815
75829
75836
75850
75857
75871
75878
75888
75895
75906
75913
75923
75930
75941
75947
75958
75972
75986
75993
76007
76014
76024
76035
76045
76052
76066
76073
76084
76090
76104
76111
76125
76132
76143
76153
76164
76171
76185
76192
76206
76212
76230
76244
76258
76265
76279
76286
76296
76303
76314
76324
76338
76349
76359
76369
76383
76390
76401
76408
76422
76429
76439
76450
76460
76467
76481
76488
76505
76516
76526
76533
76544
76551
76561
76568
76579
76586
76603
76610
76624
76628
76638
76652
76666
76673
76683
76694
76704
76711
76722
76729
76743
76749
76767
76774
76795
76802
76816
76823
76833
76840
76851
76861
76875
76886
76893
76900
76917
76924
76934
76941
76959
76969
76983
76990
77001
77008
77022
77032
77046
77053
77067
77077
77091
77098
77109
77116
77126
77133
77144
77154
77168
77182
77203
77213
77224
77231
77241
77248
77259
77266
77280
77290
77301
77307
77318
77332
77346
77353
77367
77374
77384
77391
77405
77412
77426
77440
77450
77461
77478
77485
77496
77503
77513
77520
77531
77541
77555
77566
77583
77590
77604
77611
77621
77632
77642
77649
77660
77667
77677
77688
77702
77708
77726
77736
77747
77757
77771
77778
77789
77796
77806
77813
77827
77841
77855
77865
77879
77886
77897
77904
77914
77921
77932
77942
77956
77970
77987
77998
78008
78015
78026
78033
78043
78050
78061
78068
78082
78089
78103
78109
78127
78138
78155
78162
78176
78183
78193
78204
78214
78225
78235
78249
78263
78277
78291
78298
78308
78315
78326
78333
78347
78357
78368
78375
78389
78399
78413
78420
78434
78444
78458
78465
78476
78483
78493
78500
78514
78528
78542
78552
78563
78570
78580
78587
78598
78605
78615
78622
78636
78643
78650
78664
78682
78688
78702
78713
78723
78730
78741
78751
78765
78772
78789
78800
78814
78824
78835
78842
78852
78859
78870
78877
78887
78894
78908
78912
78926
78936
78950
78957
78971
78981
78995
79002
79013
79023
79037
79044
79058
79068
79082
79089
79100
79107
79117
79124
79135
79142
79152
79159
79170
79180
79194
79208
79222
79229
79243
79250
79264
79271
79281
79288
79302
79309
79323
79330
79344
79351
79361
79368
79379
79386
79396
79403
79414
79421
79431
79442
79452
79463
79473
79484
79491
79501
79515
79522
79536
79543
79560
79567
79578
79585
79602
79609
79616
79630
79644
79654
79665
79672
79682
79689
79700
79707
79721
79731
79745
79752
79773
79787
79797
79804
79815
79822
79832
79839
79850
79857
79867
79874
79891
79898
79909
79923
79933
79940
79951
79958
79968
79975
79986
79993
80010
80024
80038
80045
80066
80073
80083
80090
80101
80108
80125
80136
80146
80157
80174
80181
80191
80202
80212
80223
80233
80240
80251
80258
80268
80275
80286
80296
80310
80324
80334
80341
80355
80362
80373
80380
80390
80401
80411
80425
80439
80453
80467
80474
80484
80491
80502
80509
80519
80526
80540
80554
80568
80582
80592
80599
80610
80617
80627
80634
80645
80652
80662
80669
80680
80686
80700
80711
80725
80735
80749
80756
80767
80774
80784
80791
80805
80812
80826
80840
80850
80861
80871
80878
80889
80896
80906
80913
80927
80938
80948
80962
80973
80979
80993
81004
81014
81021
81032
81042
81053
81060
81070
81077
81095
81101
81116
81126
81140
81147
81161
81168
81182
81189
81199
81206
81227
81234
81248
81258
81272
81279
81290
81297
81307
81314
81325
81335
81349
81356
81366
81373
81380
81391
81401
81412
81422
81429
81440
81447
81457
81464
81478
81488
81499
81513
81523
81530
81541
81551
81562
81569
81579
81586
81600
81614
81628
81642
81649
81656
81670
81677
81691
81698
81708
81715
81729
81736
81746
81757
81771
81775
81785
81792
81802
81809
81820
81827
81841
81848
81862
81869
81879
81886
81897
81907
81921
81935
81945
81952
81966
81973
81987
81994
82005
82015
82029
82039
82050
82057
82071
82078
82088
82095
82106
82113
82123
82130
82144
82151
82162
82172
82186
82193
82203
82210
82221
82231
82242
82249
82259
82266
82280
82287
82294
82301
82318
82325
82333
82339
82353
82360
82371
82378
82388
82402
82413
82420
82437
82447
82461
82472
82489
82496
82507
82514
82524
82531
82542
82552
82566
82577
82587
82597
82611
82618
82632
82643
82653
82660
82671
82681
82698
82709
82723
82730
82744
82751
82761
82768
82779
82786
82796
82803
