1
5
8
14
18
24
30
37
40
47
50
57
63
72
78
88
95
101
111
123
130
136
140
149
159
169
172
181
185
192
198
213
220
233
240
262
268
275
281
294
306
316
326
337
348
365
371
393
403
413
419
445
457
468
483
493
500
512
532
544
551
564
573
586
596
615
625
641
647
657
676
686
695
712
718
728
734
747
760
779
795
802
811
821
827
843
847
862
872
885
895
911
924
943
949
959
972
991
1004
1014
1020
1036
1052
1062
1074
1090
1100
1110
1123
1136
1142
1161
1171
1181
1190
1203
1219
1235
1242
1257
1267
1277
1290
1312
1318
1331
1344
1364
1370
1386
1405
1415
1425
1444
1451
1463
1476
1489
1495
1511
1521
1537
1550
1566
1570
1585
1595
1608
1621
1646
1656
1669
1675
1688
1698
1720
1730
1743
1749
1765
1778
1794
1804
1823
1833
1842
1849
1865
1871
1881
1894
1910
1916
1929
1942
1961
1971
1980
1987
2000
2009
2022
2032
2051
2061
2077
2090
2099
2109
2125
2135
2151
2157
2176
2189
2205
2212
2225
2234
2241
2250
2263
2273
2289
2295
2311
2318
2340
2350
2360
2366
2382
2395
2420
2430
2449
2456
2475
2485
2501
2507
2523
2533
2546
2559
2581
2594
2607
2620
2639
2645
2661
2668
2678
2684
2700
2713
2729
2745
2758
2764
2777
2783
2796
2803
2816
2825
2841
2848
2857
2867
2889
2899
2915
2925
2941
2954
2966
2973
2986
2992
3018
3028
3041
3053
3063
3073
3086
3105
3121
3127
3150
3159
3172
3182
3198
3208
3217
3224
3243
3249
3269
3285
3301
3307
3330
3336
3349
3362
3375
3384
3394
3404
3420
3429
3445
3455
3474
3484
3500
3506
3526
3532
3548
3558
3574
3587
3599
3609
3628
3635
3651
3657
3680
3689
3702
3715
3734
3747
3763
3773
3786
3796
3805
3815
3831
3840
3850
3860
3879
3889
3901
3914
3937
3943
3953
3959
3969
3982
3998
4004
4020
4030
4046
4059
4068
4075
4091
4097
4113
4120
4136
4149
4162
4171
4184
4200
4213
4232
4242
4252
4261
4271
4293
4303
4322
4329
4342
4348
4364
4377
4390
4406
4422
4431
4441
4451
4464
4470
4483
4493
4505
4515
4528
4541
4553
4560
4573
4586
4602
4615
4624
4634
4650
4660
4682
4692
4705
4711
4730
4746
4769
4775
4791
4798
4817
4827
4843
4849
4872
4881
4894
4907
4920
4933
4948
4958
4981
4994
5006
5016
5032
5045
5061
5074
5087
5093
5109
5116
5132
5141
5151
5170
5183
5193
5202
5212
5225
5235
5251
5263
5276
5286
5302
5315
5334
5344
5357
5363
5379
5392
5408
5421
5440
5456
5479
5485
5501
5511
5524
5533
5543
5553
5565
5578
5594
5604
5617
5626
5636
5646
5658
5665
5678
5687
5707
5713
5739
5748
5761
5771
5787
5797
5806
5819
5835
5845
5858
5867
5883
5893
5906
5916
5925
5935
5951
5967
5980
5996
6009
6018
6031
6047
6070
6079
6092
6099
6118
6128
6140
6150
6163
6169
6186
6198
6214
6221
6234
6240
6256
6269
6295
6301
6311
6327
6343
6356
6365
6372
6388
6394
6410
6417
6430
6439
6458
6468
6481
6491
6507
6513
6529
6539
6552
6561
6584
6590
6613
6619
6635
6645
6661
6674
6690
6703
6715
6722
6738
6751
6773
6783
6796
6802
6815
6831
6847
6857
6870
6879
6899
6905
6918
6931
6940
6953
6966
6979
6995
7008
7024
7037
7050
7056
7078
7085
7101
7111
7127
7136
7149
7159
7175
7181
7197
7210
7220
7226
7245
7252
7262
7271
7281
7287
7300
7307
7326
7335
7348
7355
7377
7390
7403
7409
7425
7432
7445
7457
7470
7477
7490
7506
7522
7528
7541
7554
7567
7573
7586
7602
7615
7625
7634
7650
7660
7673
7686
7695
7708
7718
7734
7747
7760
7772
7788
7798
7811
7821
7833
7840
7853
7862
7875
7888
7901
7917
7933
7943
7955
7965
7978
7984
7994
8007
8020
8029
8042
8052
8068
8081
8100
8106
8116
8123
8132
8145
8161
8167
8187
8196
8206
8213
8222
8235
8251
8264
8283
8293
8305
8312
8325
8334
8347
8354
8370
8376
8395
8402
8421
8431
8447
8463
8479
8492
8508
8514
8530
8537
8556
8569
8582
8595
8614
8627
8643
8656
8669
8675
8688
8704
8720
8730
8742
8749
8759
8771
8794
8803
8813
8826
8855
8868
8887
8897
8910
8916
8938
8945
8961
8977
8996
9009
9028
9035
9051
9064
9080
9093
9112
9118
9128
9138
9147
9157
9170
9176
9183
9189
9215
9221
9250
9266
9279
9292
9305
9311
9324
9337
9350
9356
9369
9385
9411
9420
9436
9440
9452
9459
9478
9488
9504
9517
9536
9546
9565
9571
9584
9597
9610
9619
9639
9655
9671
9684
9703
9719
9732
9745
9761
9767
9780
9793
9806
9812
9828
9838
9857
9864
9880
9889
9905
9915
9928
9938
9950
9960
9969
9979
10002
10011
10024
10031
10043
10053
10079
10095
10111
10124
10137
10146
10159
10169
10188
10198
10214
10227
10236
10246
10262
10272
10288
10294
10310
10320
10333
10342
10358
10371
10381
10387
10400
10410
10429
10439
10451
10458
10484
10490
10503
10516
10532
10545
10557
10567
10580
10590
10612
10618
10638
10644
10660
10673
10689
10699
10712
10721
10734
10750
10773
10786
10798
10805
10814
10818
10837
10850
10866
10879
10895
10901
10930
10940
10953
10959
10972
10985
10994
11001
11017
11023
11039
11052
11065
11078
11091
11097
11113
11129
11149
11158
11168
11181
11197
11210
11222
11235
11245
11251
11264
11280
11306
11319
11332
11344
11357
11367
11380
11386
11396
11405
11418
11431
11444
11454
11463
11473
11489
11499
11515
11531
11544
11553
11566
11573
11585
11592
11602
11608
11621
11627
11640
11662
11675
11685
11698
11714
11730
11746
11756
11762
11778
11804
11820
11829
11846
11855
11874
11884
11897
11913
11926
11942
11971
11984
11993
12003
12016
12025
12045
12058
12074
12080
12106
12112
12128
12144
12154
12167
12186
12196
12205
12212
12225
12231
12247
12257
12273
12289
12302
12311
12324
12334
12347
12360
12369
12379
12398
12408
12424
12430
12440
12453
12462
12469
12478
12488
12507
12517
12530
12543
12565
12575
12588
12597
12613
12623
12636
12646
12655
12665
12678
12687
12700
12710
12729
12739
12755
12764
12787
12797
12809
12819
12832
12841
12851
12864
12883
12893
12906
12915
12938
12944
12957
12970
12996
13005
13018
13025
13034
13044
13060
13073
13095
13105
13118
13127
13150
13159
13176
13182
13198
13208
13224
13240
13256
13262
13278
13288
13304
13317
13327
13336
13349
13359
13378
13388
13404
13413
13426
13436
13452
13468
13477
13484
13497
13503
13516
13526
13538
13548
13571
13587
13606
13612
13632
13638
13651
13667
13680
13693
13705
13712
13731
13744
13757
13767
13786
13799
13812
13818
13847
13857
13873
13879
13892
13898
13905
13921
13940
13950
13966
13979
13998
14008
14024
14033
14046
14059
14075
14085
14101
14110
14120
14130
14146
14165
14178
14191
14213
14223
14236
14245
14261
14268
14281
14290
14306
14319
14332
14348
14358
14374
14387
14393
14409
14425
14441
14451
14470
14486
14496
14505
14518
14531
14538
14544
14557
14570
14589
14599
14611
14621
14634
14640
14650
14660
14672
14679
14698
14705
14721
14733
14743
14756
14769
14775
14798
14804
14820
14830
14846
14859
14872
14884
14901
14910
14933
14942
14955
14968
14994
15003
15019
15029
15048
15055
15074
15084
15100
15109
15119
15132
15148
15154
15164
15174
15193
15203
15215
15222
15235
15244
15257
15267
15283
15289
15302
15315
15328
15344
15353
15360
15373
15379
15402
15408
15434
15447
15463
15472
15488
15495
15514
15524
15537
15546
15562
15575
15588
15598
15610
15617
15633
15643
15662
15675
15691
15704
15720
15726
15749
15755
15768
15781
15803
15816
15826
15839
15848
15858
15877
15884
15893
15903
15913
15922
15948
15961
15977
15986
16002
16009
16025
16038
16054
16070
16089
16099
16115
16128
16137
16147
16160
16173
16186
16192
16208
16218
16231
16237
16256
16266
16279
16295
16311
16324
16333
16343
16359
16372
16394
16398
16414
16420
16439
16449
16475
16481
16500
16513
16536
16542
16552
16561
16577
16584
16600
16619
16629
16642
16658
16674
16687
16693
16712
16719
16732
16741
16761
16767
16783
16796
16809
16825
16838
16844
16857
16863
16886
16899
16908
16915
16934
16944
16960
16969
16985
16992
17008
17021
17040
17046
17059
17066
17079
17085
17101
17114
17130
17143
17159
17172
17188
17197
17207
17217
17230
17239
17249
17262
17278
17294
17307
17313
17326
17336
17348
17361
17374
17384
17397
17406
17425
17432
17448
17461
17477
17493
17515
17522
17541
17557
17570
17580
17596
17605
17618
17625
17641
17657
17670
17679
17692
17702
17715
17724
17744
17750
17763
17776
17792
17808
17827
17840
17853
17866
17875
17888
17901
17914
17930
17940
17949
17956
17975
17988
18004
18017
18026
18036
18049
18065
18078
18090
18103
18116
18126
18142
18158
18171
18187
18197
18216
18222
18235
18248
18280
18290
18306
18315
18335
18344
18360
18370
18383
18405
18421
18431
18444
18450
18466
18473
18492
18505
18521
18537
18550
18563
18579
18588
18598
18604
18614
18630
18640
18656
18669
18678
18691
18698
18710
18717
18733
18739
18752
18762
18778
18791
18804
18813
18823
18836
18849
18855
18871
18884
18913
18922
18932
18942
18955
18961
18974
18987
19009
19022
19032
19048
19060
19067
19080
19086
19102
19109
19122
19131
19154
19163
19189
19202
19215
19231
19244
19253
19260
19266
19289
19302
19318
19327
19337
19343
19356
19382
19398
19411
19424
19430
19443
19456
19472
19478
19497
19504
19520
19530
19546
19555
19571
19584
19600
19610
19629
19636
19652
19661
19671
19684
19697
19703
19716
19729
19745
19758
19774
19783
19796
19806
19819
19825
19848
19854
19873
19886
19899
19909
19918
19928
19941
19957
19970
19979
19992
19999
20015
20024
20044
20050
20069
20076
20092
20105
20117
20124
20137
20146
20166
20172
20182
20198
20211
20217
20230
20243
20256
20262
20281
20291
20320
20326
20342
20349
20365
20371
20397
20407
20426
20439
20458
20471
20484
20490
20500
20513
20529
20538
20561
20577
20596
20609
20619
20625
20641
20651
20664
20670
20683
20693
20709
20715
20728
20737
20757
20770
20782
20789
20802
20818
20834
20847
20869
20879
20895
20911
20924
20930
20943
20959
20969
20975
20991
21004
21023
21033
21055
21062
21075
21081
21097
21110
21120
21129
21145
21152
21168
21181
21197
21203
21219
21229
21245
21255
21271
21277
21290
21300
21316
21322
21335
21345
21354
21367
21383
21390
21406
21415
21425
21431
21444
21460
21473
21483
21499
21515
21528
21541
21550
21557
21573
21579
21605
21615
21624
21640
21650
21663
21679
21688
21698
21708
21717
21730
21753
21759
21775
21785
21794
21804
21823
21833
21849
21862
21881
21891
21907
21920
21929
21936
21958
21968
21981
21990
22006
22019
22032
22048
22061
22071
22080
22093
22109
22119
22135
22148
22157
22164
22180
22193
22206
22212
22225
22238
22254
22267
22283
22289
22302
22315
22331
22337
22350
22357
22366
22379
22392
22401
22418
22424
22437
22443
22466
22482
22495
22504
22520
22533
22546
22559
22569
22578
22588
22601
22617
22630
22642
22649
22665
22675
22684
22697
22713
22723
22739
22745
22758
22768
22781
22787
22800
22813
22835
22845
22854
22864
22877
22887
22899
22909
22922
22935
22957
22970
22989
22996
23015
23025
23041
23047
23063
23073
23092
23108
23131
23140
23153
23163
23176
23192
23208
23221
23237
23243
23256
23266
23282
23288
23301
23310
23320
23330
23346
23359
23375
23385
23397
23404
23420
23426
23449
23455
23471
23481
23494
23503
23519
23532
23542
23555
23568
23584
23600
23609
23632
23645
23654
23664
23680
23693
23709
23725
23735
23744
23764
23773
23789
23799
23812
23828
23844
23850
23863
23873
23886
23895
23908
23914
23931
23940
23953
23963
23979
23995
24014
24027
24043
24053
24069
24082
24091
24098
24114
24120
24143
24152
24168
24178
24191
24197
24213
24226
24236
24242
24255
24265
24281
24287
24303
24313
24329
24342
24355
24361
24377
24393
24409
24422
24432
24441
24461
24467
24483
24490
24499
24506
24522
24531
24541
24551
24560
24576
24589
24599
24615
24631
24644
24657
24669
24676
24695
24708
24724
24734
24750
24756
24772
24779
24788
24801
24817
24830
24846
24862
24872
24881
24894
24904
24914
24920
24933
24946
24965
24984
24997
25007
25020
25026
25039
25048
25058
25074
25084
25097
25113
25122
25135
25145
25158
25164
25180
25193
25206
25219
25228
25238
25254
25267
25280
25293
25309
25315
25328
25341
25370
25379
25389
25399
25408
25418
25437
25444
25460
25466
25476
25489
25508
25514
25527
25540
25559
25569
25582
25588
25601
25611
25624
25633
25649
25659
25672
25688
25697
25704
25720
25733
25746
25752
25765
25771
25787
25794
25810
25823
25839
25848
25858
25868
25881
25887
25897
25903
25916
25929
25942
25951
25967
25977
25990
26006
26022
26032
26044
26051
26067
26086
26105
26112
26125
26141
26157
26166
26179
26189
26208
26215
26237
26250
26263
26282
26295
26301
26321
26330
26346
26356
26375
26385
26398
26414
26427
26433
26443
26452
26465
26475
26491
26504
26520
26529
26539
26549
26565
26571
26584
26594
26610
26616
26639
26645
26661
26668
26677
26684
26700
26706
26719
26732
26748
26761
26774
26783
26796
26806
26819
26825
26847
26854
26873
26889
26905
26915
26934
26941
26957
26963
26985
26992
27008
27024
27034
27047
27066
27079
27092
27101
27124
27130
27146
27165
27175
27185
27204
27214
27223
27233
27249
27259
27268
27281
27310
27320
27336
27342
27358
27374
27390
27400
27422
27432
27448
27464
27480
27490
27503
27509
27525
27535
27548
27557
27567
27577
27589
27599
27612
27625
27638
27644
27654
27663
27683
27689
27702
27708
27721
27731
27747
27753
27760
27766
27779
27789
27798
27808
27818
27824
27843
27853
27866
27882
27901
27908
27920
27927
27940
27946
27959
27978
27994
28004
28023
28033
28049
28055
28071
28081
28094
28110
28129
28139
28158
28171
28181
28187
28200
28213
28229
28235
28261
28274
28290
28299
28312
28322
28332
28338
28354
28364
28383
28396
28409
28415
28434
28441
28454
28460
28473
28486
28499
28505
28531
28540
28553
28563
28579
28585
28608
28621
28634
28640
28653
28666
28685
28695
28707
28714
28730
28743
28762
28768
28781
28794
28807
28820
28849
28855
28878
28884
28903
28913
28926
28932
28948
28952
28964
28980
28993
29000
29019
29035
29048
29061
29083
29090
29106
29112
29122
29128
29141
29154
29170
29176
29189
29199
29212
29228
29237
29244
29260
29273
29292
29302
29311
29321
29331
29340
29350
29363
29376
29382
29401
29411
29424
29440
29456
29469
29485
29498
29514
29520
29533
29546
29562
29578
29588
29594
29607
29620
29636
29649
29665
29674
29697
29710
29726
29732
29742
29755
29771
29784
29796
29803
29819
29832
29848
29861
29873
29880
29893
29906
29922
29935
29954
29967
29989
30005
30015
30021
30037
30044
30060
30073
30089
30105
30124
30137
30150
30163
30182
30192
30208
30214
30233
30246
30269
30278
30294
30307
30317
30323
30339
30349
30365
30371
30387
30394
30416
30423
30439
30452
30468
30477
30490
30497
30513
30526
30538
30548
30564
30571
30580
30590
30599
30609
30622
30632
30641
30651
30667
30673
30696
30709
30721
30728
30741
30747
30757
30773
30792
30802
30818
30831
30847
30856
30869
30879
30895
30911
30921
30930
30943
30953
30966
30975
30991
31001
31014
31020
31040
31049
31062
31075
31091
31104
31120
31126
31142
31149
31171
31181
31197
31203
31213
31226
31242
31251
31264
31271
31284
31293
31309
31319
31335
31348
31364
31370
31390
31396
31409
31419
31435
31444
31460
31470
31483
31496
31512
31521
31531
31544
31560
31573
31589
31595
31618
31631
31640
31650
31666
31679
31695
31711
31724
31737
31749
31759
31782
31788
31801
31814
31836
31846
31859
31865
31884
31891
31904
31913
31936
31942
31952
31965
31984
31994
32010
32019
32029
32042
32064
32071
32084
32090
32103
32109
32122
32132
32148
32161
32170
32180
32209
32215
32231
32238
32251
32257
32267
32280
32292
32299
32315
32328
32350
32360
32373
32382
32392
32398
32411
32418
32434
32447
32456
32466
32488
32495
32514
32527
32540
32549
32559
32572
32585
32601
32620
32630
32649
32659
32671
32678
32691
32700
32720
32726
32742
32752
32768
32781
32797
32806
32816
32826
32842
32848
32867
32874
32890
32900
32916
32925
32935
32948
32961
32970
32993
33002
33022
33031
33044
33051
33070
33076
33095
33102
33121
33131
33147
33160
33176
33189
33198
33208
33230
33240
33259
33269
33288
33295
33311
33317
33333
33340
33349
33362
33372
33378
33394
33404
33417
33423
33433
33442
33452
33462
33475
33481
33500
33510
33529
33542
33558
33568
33581
33587
33597
33603
33619
33626
33642
33651
33664
33680
33696
33706
33722
33728
33744
33757
33776
33783
33802
33809
33828
33838
33857
33863
33876
33889
33908
33915
33931
33947
33960
33969
33982
33992
34005
34011
34024
34037
34053
34066
34075
34088
34098
34104
34117
34130
34143
34156
34168
34178
34191
34207
34223
34239
34255
34265
34278
34287
34303
34310
34323
34332
34355
34364
34377
34387
34400
34409
34422
34432
34448
34458
34477
34490
34503
34509
34522
34535
34551
34557
34570
34580
34589
34599
34618
34631
34644
34657
34673
34679
34702
34708
34721
34734
34750
34756
34776
34782
34798
34804
34817
34830
34853
34862
34878
34891
34904
34914
34930
34939
34949
34959
34975
34984
34997
35004
35020
35026
35042
35052
35068
35078
35090
35100
35126
35132
35148
35158
35171
35177
35193
35203
35216
35222
35232
35238
35257
35277
35293
35302
35315
35325
35338
35347
35360
35370
35383
35392
35412
35421
35434
35447
35457
35466
35479
35489
35502
35511
35524
35534
35550
35566
35582
35588
35598
35611
35624
35633
35646
35659
35678
35688
35704
35717
35733
35739
35755
35765
35778
35787
35800
35810
35823
35832
35845
35855
35874
35881
35897
35906
35922
35929
35945
35958
35971
35977
35990
35999
36009
36016
36032
36038
36051
36064
36083
36096
36112
36125
36134
36144
36166
36173
36183
36189
36205
36221
36247
36253
36269
36276
36292
36301
36324
36334
36343
36356
36366
36382
36398
36407
36417
36430
36446
36459
36478
36491
36501
36507
36523
36536
36549
36555
36568
36578
36594
36600
36616
36626
36639
36645
36658
36668
36681
36687
36706
36716
36732
36748
36764
36774
36790
36799
36809
36819
36835
36851
36867
36880
36893
36899
36918
36928
36944
36957
36973
36983
36992
37002
37031
37037
37056
37063
37079
37092
37108
37117
37130
37140
37159
37166
37182
37191
37207
37211
37227
37243
37252
37262
37278
37291
37304
37313
37326
37336
37349
37355
37378
37384
37394
37410
37432
37442
37458
37464
37474
37487
37500
37509
37522
37529
37538
37551
37567
37577
37593
37606
37622
37631
37644
37651
37660
37670
37683
37696
37705
37718
37734
37741
37757
37763
37776
37786
37802
37808
37827
37834
37850
37856
37869
37876
37885
37895
37908
37917
37927
37946
37962
37972
37991
38001
38014
38023
38036
38046
38059
38065
38081
38091
38107
38126
38142
38152
38161
38168
38181
38190
38203
38216
38229
38242
38258
38267
38277
38287
38296
38303
38316
38322
38335
38348
38361
38367
38380
38393
38409
38415
38431
38441
38454
38460
38476
38486
38502
38515
38528
38534
38544
38550
38569
38582
38598
38608
38627
38634
38650
38666
38679
38688
38711
38727
38743
38756
38765
38772
38788
38801
38810
38820
38836
38849
38868
38884
38897
38907
38916
38926
38936
38942
38958
38968
38981
38990
39006
39013
39029
39035
39051
39058
39074
39083
39096
39106
39122
39141
39151
39164
39180
39189
39199
39209
39218
39228
39241
39254
39270
39282
39292
39302
39321
39328
39337
39344
39363
39376
39392
39408
39421
39427
39440
39453
39469
39475
39491
39504
39514
39527
39539
39549
39562
39575
39597
39604
39623
39633
39649
39655
39678
39687
39697
39707
39723
39732
39748
39761
39774
39787
39803
39813
39822
39832
39848
39858
39874
39880
39893
39902
39919
39925
39938
39951
39964
39973
39999
40009
40028
40037
40057
40070
40079
40086
40095
40102
40118
40131
40147
40163
40176
40182
40214
40224
40240
40246
40265
40272
40291
40304
40314
40320
40333
40352
40378
40384
40400
40410
40420
40429
40442
40448
40461
40471
40487
40497
40516
40529
40542
40548
40564
40574
40590
40596
40616
40622
40635
40645
40664
40677
40686
40696
40712
40725
40738
40744
40763
40773
40786
40792
40805
40815
40828
40844
40860
40873
40889
40895
40924
40937
40950
40963
40975
40985
40998
41008
41024
41030
41043
41056
41078
41088
41101
41107
41126
41133
41146
41162
41175
41184
41194
41213
41236
41242
41255
41265
41284
41297
41313
41319
41332
41348
41364
41374
41390
41399
41409
41416
41435
41448
41464
41480
41496
41506
41518
41528
41547
41557
41570
41586
41599
41611
41624
41631
41647
41660
41673
41679
41695
41714
41737
41743
41759
41769
41788
41798
41811
41820
41836
41846
41862
41875
41885
41891
41904
41920
41939
41949
41958
41965
41981
41991
42007
42019
42029
42039
42052
42058
42084
42090
42103
42116
42129
42138
42154
42161
42170
42177
42190
42196
42209
42225
42251
42260
42273
42283
42299
42309
42331
42337
42350
42357
42373
42386
42402
42408
42424
42434
42450
42463
42479
42485
42495
42508
42521
42530
42540
42553
42569
42575
42591
42601
42614
42623
42639
42652
42665
42675
42684
42691
42707
42726
42736
42749
42758
42768
42781
42790
42810
42819
42829
42842
42855
42864
42880
42887
42900
42909
42922
42932
42954
42964
42977
42983
42999
43009
43022
43031
43041
43054
43067
43083
43102
43112
43128
43134
43150
43157
43173
43182
43198
43205
43218
43227
43250
43256
43272
43282
43292
43298
43317
43327
43340
43353
43369
43375
43388
43398
43417
43430
43443
43452
43468
43478
43497
43513
43523
43529
43548
43558
43571
43581
43600
43606
43616
43642
43651
43661
43680
43693
43703
43716
43728
43738
43748
43757
43777
43786
43796
43802
43818
43825
43838
43844
43863
43870
43883
43889
43902
43915
43928
43934
43950
43963
43976
43989
44001
44011
44021
44027
44050
44059
44072
44088
44101
44111
44130
44140
44149
44153
44165
44178
44194
44204
44233
44246
44258
44268
44281
44291
44310
44323
44339
44352
44368
44374
44390
44400
44413
44419
44432
44442
44454
44464
44493
44503
44512
44522
44535
44548
44557
44573
44586
44593
44602
44612
44631
44644
44663
44670
44683
44692
44708
44721
44734
44747
44766
44776
44795
44808
44817
44824
44837
44846
44869
44882
44898
44904
44917
44927
44943
44952
44965
44975
44991
44997
45017
45026
45039
45049
45062
45068
45087
45097
45110
45126
45142
45155
45168
45177
45187
45193
45216
45229
45242
45248
45267
45277
45293
45306
45322
45331
45341
45351
45367
45373
45389
45402
45418
45428
45441
45450
45466
45473
45489
45502
45518
45527
45537
45547
45563
45572
45592
45598
45611
45621
45640
45653
45666
45672
45685
45698
45714
45720
45733
45743
45752
45762
45781
45794
45807
45820
45836
45849
45868
45881
45897
45910
45919
45932
45945
45955
45971
45980
45996
46006
46025
46038
46061
46067
46086
46093
46112
46122
46138
46151
46167
46176
46189
46199
46215
46228
46241
46250
46263
46273
46289
46305
46321
46327
46340
46353
46366
46372
46385
46395
46411
46417
46436
46443
46462
46472
46491
46498
46510
46520
46533
46542
46562
46571
46584
46594
46613
46623
46639
46648
46661
46671
46684
46697
46710
46716
46735
46751
46764
46777
46790
46796
46819
46825
46841
46851
46864
46873
46886
46905
46915
46922
46934
46941
46957
46970
46989
46995
47015
47024
47040
47050
47066
47076
47085
47092
47108
47121
47134
47140
47150
47159
47172
47182
47198
47214
47227
47233
47249
47262
47275
47288
47304
47317
47329
47336
47355
47365
47375
47381
47397
47410
47426
47436
47448
47461
47474
47490
47506
47516
47532
47545
47558
47574
47583
47593
47606
47619
47644
47651
47664
47670
47686
47696
47709
47725
47741
47757
47776
47789
47802
47808
47821
47831
47840
47850
47872
47879
47898
47914
47927
47940
47959
47969
47978
47985
48004
48011
48020
48030
48043
48052
48065
48075
48088
48097
48110
48117
48129
48136
48152
48165
48184
48194
48206
48213
48229
48239
48248
48258
48271
48287
48300
48312
48325
48335
48351
48361
48374
48383
48399
48409
48428
48441
48457
48464
48476
48483
48505
48515
48528
48537
48547
48560
48573
48582
48598
48605
48627
48640
48653
48666
48682
48692
48708
48717
48730
48737
48756
48762
48781
48788
48804
48810
48823
48830
48839
48849
48868
48872
48881
48894
48913
48920
48936
48952
48961
48968
48981
48987
49010
49016
49035
49048
49061
49077
49090
49100
49109
49122
49138
49151
49164
49177
49193
49199
49222
49228
49247
49260
49276
49286
49308
49315
49331
49337
49357
49363
49376
49382
49395
49408
49424
49434
49450
49456
49472
49482
49498
49511
49527
49540
49552
49562
49578
49588
49601
49607
49620
49636
49649
49662
49678
49684
49707
49716
49726
49736
49748
49755
49774
49784
49800
49806
49816
49829
49842
49851
49874
49883
49893
49903
49912
49922
49941
49951
49967
49977
49989
49996
50012
50025
50041
50050
50070
50079
50089
50105
50118
50131
50144
50150
50163
50176
50192
50198
50221
50227
50246
50253
50269
50275
50291
50301
50327
50343
50359
50372
50388
50394
50404
50420
50436
50449
50462
50471
50484
50497
50516
50526
50542
50548
50568
50574
50587
50600
50613
50619
50632
50645
50658
50667
50683
50690
50706
50719
50735
50744
50764
50770
50789
50802
50818
50828
50844
50857
50873
50886
50895
50908
50921
50934
50953
50963
50976
50985
50998
51008
51017
51024
51040
51053
51069
51082
51091
51098
51117
51123
51133
51143
51152
51162
51184
51191
51207
51217
51229
51236
51249
51255
51281
51287
51303
51316
51329
51339
51351
51358
51371
51380
51400
51416
51432
51445
51461
51467
51486
51496
51512
51522
51538
51551
51567
51576
51599
51605
51621
51628
51644
51650
51669
51679
51692
51702
51718
51724
51740
51756
51772
51785
51801
51814
51827
51840
51856
51865
51878
51885
51901
51914
51923
51930
51946
51952
51962
51978
51994
52000
52010
52020
52036
52045
52058
52068
52081
52087
52100
52113
52129
52135
52148
52161
52180
52190
52203
52209
52225
52235
52245
52254
52264
52280
52296
52312
52328
52341
52354
52363
52376
52383
52392
52402
52415
52428
52444
52453
52469
52479
52492
52505
52514
52524
52537
52550
52559
52569
52588
52598
52614
52627
52643
52656
52672
52681
52694
52704
52717
52726
52736
52749
52762
52771
52791
52797
52807
52813
52832
52845
52858
52871
52881
52890
52900
52913
52922
52932
52948
52961
52977
52996
53012
53022
53035
53044
53057
53064
53076
53083
53096
53109
53118
53131
53157
53163
53176
53186
53202
53211
53224
53234
53253
53266
53282
53295
53311
53321
53330
53340
53353
53362
53375
53388
53398
53407
53417
53427
53439
53449
53459
53465
53478
53488
53504
53510
53529
53542
53555
53565
53578
53584
53597
53610
53623
53629
53645
53661
53674
53687
53703
53709
53722
53738
53751
53767
53780
53790
53806
53812
53831
53844
53857
53867
53876
53883
53899
53908
53928
53937
53950
53963
53976
53989
54002
54008
54027
54037
54050
54056
54069
54076
54085
54095
54108
54114
54136
54146
54162
54172
54185
54191
54207
54217
54233
54246
54255
54271
54281
54291
54304
54310
54329
54342
54358
54371
54390
54400
54416
54426
54448
54458
54467
54474
54487
54493
54512
54519
54535
54541
54557
54567
54586
54596
54606
54612
54625
54638
54654
54660
54673
54683
54692
54702
54718
54724
54744
54750
54769
54779
54792
54808
54827
54837
54850
54859
54869
54882
54895
54901
54914
54920
54940
54956
54972
54981
54994
55004
55023
55033
55049
55062
55071
55084
55097
55103
55113
55126
55142
55155
55168
55177
55197
55203
55216
55229
55245
55258
55267
55271
55283
55296
55306
55319
55335
55344
55354
55364
55380
55396
55412
55418
55431
55444
55460
55470
55482
55489
55502
55515
55524
55537
55550
55569
55585
55598
55614
55621
55630
55640
55666
55675
55685
55698
55714
55727
55743
55752
55762
55772
55791
55804
55820
55833
55845
55855
55868
55878
55894
55900
55910
55916
55932
55945
55955
55971
55984
55990
56000
56009
56019
56032
56048
56061
56077
56090
56103
56112
56122
56131
56144
56154
56173
56183
56196
56202
56221
56228
56244
56257
56266
56273
56286
56298
56318
56331
56347
56353
56366
56379
56395
56408
56424
56433
56453
56462
56475
56485
56498
56504
56517
56536
56549
56559
56575
56584
56607
56620
56633
56639
56652
56661
56674
56687
56700
56710
56726
56735
56758
56771
56780
56793
56806
56816
56832
56845
56857
56864
56877
56883
56906
56915
56928
56938
56951
56960
56983
56992
57002
57012
57021
57031
57050
57057
57073
57079
57092
57111
57127
57137
57150
57159
57179
57188
57208
57217
57230
57240
57259
57269
57281
57291
57304
57310
57330
57336
57352
57362
57378
57384
57407
57420
57436
57442
57455
57468
57484
57497
57506
57513
57529
57535
57548
57558
57571
57580
57593
57603
57622
57632
57644
57651
57661
57670
57683
57693
57709
57725
57734
57747
57770
57783
57799
57808
57828
57837
57860
57869
57882
57892
57911
57921
57934
57943
57956
57972
57995
58004
58014
58027
58043
58056
58072
58078
58088
58094
58110
58123
58139
58146
58155
58162
58178
58184
58207
58213
58226
58239
58252
58261
58277
58287
58300
58306
58319
58325
58345
58358
58374
58383
58406
58419
58435
58441
58457
58467
58480
58489
58502
58509
58525
58531
58547
58557
58573
58586
58602
58608
58621
58640
58650
58660
58669
58679
58692
58704
58721
58727
58737
58746
58762
58769
58788
58798
58814
58823
58836
58849
58872
58878
58891
58904
58920
58933
58949
58955
58971
58978
58994
59003
59019
59026
59042
59048
59071
59080
59093
59103
59116
59122
59145
59154
59167
59177
59190
59196
59212
59225
59244
59254
59273
59283
59299
59305
59321
59328
59344
59350
59366
59376
59395
59405
59418
59424
59434
59443
59456
59466
59479
59488
59498
59511
59530
59543
59556
59569
59578
59588
59601
59607
59623
59633
59649
59655
59668
59678
59691
59697
59707
59720
59729
59739
59758
59768
59784
59790
59806
59813
59829
59838
59851
59855
59864
59874
59890
59903
59922
59935
59951
59957
59973
59980
59993
59999
60009
60018
60038
60054
60067
60073
60089
60099
60115
60128
60137
60147
60163
60173
60182
60195
60205
60214
60221
60234
60250
60256
60275
60285
60304
60314
60340
60349
60359
60369
60381
60388
60407
60420
60439
60449
60468
60478
60491
60497
60516
60526
60539
60549
60568
60577
60597
60603
60619
60629
60638
60645
60661
60667
60690
60699
60712
60722
60738
60751
60767
60773
60796
60802
60818
60831
60847
60854
60866
60873
60892
60899
60915
60921
60931
60947
60960
60969
60985
60995
61011
61021
61033
61040
61053
61062
61072
61085
61114
61120
61136
61146
61162
61175
61188
61197
61207
61220
61233
61242
61262
61271
61281
61294
61307
61313
61329
61342
61355
61371
61387
61400
61413
61419
61435
61441
61458
61464
61477
61493
61509
61528
61538
61551
61567
61576
61586
61596
61615
61625
61641
61657
61673
61686
61702
61711
61721
61731
61753
61763
61776
61782
61798
61811
61827
61840
61856
61862
61872
61891
61914
61920
61936
61946
61965
61981
61988
61997
62013
62026
62042
62052
62071
62077
62087
62097
62116
62126
62139
62145
62161
62174
62203
62212
62222
62232
62241
62248
62264
62270
62280
62293
62306
62312
62328
62341
62354
62360
62373
62386
62399
62405
62418
62428
62444
62450
62466
62479
62495
62508
62524
62537
62553
62563
62575
62582
62598
62611
62627
62637
62652
62659
62675
62685
62704
62714
62726
62739
62749
62762
62784
62794
62807
62813
62826
62839
62852
62858
62884
62893
62910
62916
62929
62938
62951
62961
62987
62993
63009
63025
63048
63057
63067
63073
63083
63093
63115
63122
63134
63141
63157
63170
63192
63205
63218
63228
63237
63260
63276
63282
63295
63308
63327
63340
63356
63366
63375
63388
63401
63411
63424
63433
63446
63456
63472
63485
63497
63504
63520
63526
63539
63546
63562
63571
63584
63594
63610
63626
63639
63655
63668
63674
63687
63697
63713
63719
63732
63741
63764
63774
63790
63799
63815
63828
63844
63851
63870
63880
63902
63915
63928
63941
63957
63973
63989
64002
64018
64027
64040
64060
64076
64082
64095
64104
64124
64137
64146
64156
64166
64172
64185
64201
64220
64233
64246
64259
64281
64291
64307
64320
64342
64352
64371
64378
64387
64394
64416
64426
64442
64448
64464
64468
64487
64496
64513
64519
64535
64545
64554
64564
64580
64593
64609
64615
64631
64638
64651
64664
64673
64680
64696
64702
64725
64734
64747
64757
64769
64776
64795
64811
64827
64837
64859
64866
64879
64895
64911
64924
64940
64956
64969
64978
65004
65014
65030
65046
65065
65078
65097
65104
65120
65126
65139
65145
65155
65168
65184
65190
65210
65219
65239
65245
65258
65271
65287
65299
65319
65325
65338
65354
65370
65380
65390
65396
65406
65412
65428
65444
65467
65473
65489
65499
65515
65528
65537
65544
65557
65563
65573
65589
65621
65634
65643
65653
65669
65679
65688
65698
65711
65724
65746
65759
65772
65778
65791
65801
65820
65830
65842
65849
65868
65878
65897
65913
65932
65939
65952
65961
65977
65987
66003
66019
66042
66051
66064
66071
66080
66093
66112
66122
66135
66151
66164
66173
66189
66196
66209
66218
66228
66241
66254
66260
66279
66292
66308
66318
66331
66337
66350
66360
66369
66376
66392
66398
66414
66424
66440
66450
66462
66469
66482
66491
66511
66517
66530
66543
66562
66575
66594
66604
66613
66623
66636
66649
66662
66671
66684
66700
66723
66732
66745
66752
66764
66774
66793
66803
66822
66829
66838
66851
66870
66877
66893
66903
66922
66928
66947
66954
66967
66980
66996
67005
67018
67031
67044
67050
67063
67073
67086
67102
67115
67121
67134
67147
67156
67169
67185
67195
67208
67217
67233
67243
67262
67272
67285
67298
67314
67323
67343
67349
67362
67375
67388
67394
67413
67420
67436
67449
67465
67474
67487
67497
67510
67516
67529
67548
67558
67564
67577
67587
67596
67606
67625
67638
67654
67664
67673
67683
67706
67715
67728
67741
67754
67767
67783
67792
67805
67812
67821
67831
67850
67860
67876
67882
67905
67911
67927
67937
67950
67956
67969
67982
67992
67998
68014
68024
68033
68040
68059
68069
68085
68094
68110
68117
68136
68146
68159
68165
68178
68191
68207
68220
68229
68239
68255
68268
68284
68297
68313
68326
68345
68355
68367
68374
68390
68403
68419
68428
68438
68444
68457
68464
68477
68486
68509
68525
68541
68560
68573
68583
68599
68608
68624
68631
68647
68660
68679
68698
68714
68721
68737
68746
68766
68772
68785
68795
68807
68817
68830
68836
68849
68859
68875
68888
68904
68917
68933
68942
68952
68962
68978
68994
69007
69013
69029
69036
69045
69055
69071
69084
69097
69106
69126
69135
69148
69158
69174
69180
69206
69219
69235
69244
69260
69273
69283
69296
69309
69321
69334
69347
69360
69370
69386
69395
69415
69424
69440
69450
69460
69469
69482
69498
69514
69524
69533
69540
69559
69575
69588
69595
69604
69617
69636
69649
69665
69672
69681
69691
69710
69720
69736
69742
69755
69765
69774
69784
69803
69813
69826
69832
69848
69858
69874
69884
69893
69903
69916
69922
69938
69948
69964
69970
69980
69993
70006
70015
70025
70035
70044
70054
70070
70086
70099
70112
70128
70134
70144
70157
70170
70176
70186
70192
70208
70224
70250
70263
70272
70282
70295
70308
70324
70333
70346
70356
70375
70388
70401
70414
70430
70439
70452
70462
70478
70488
70504
70520
70539
70549
70558
70568
70581
70590
70603
70613
70629
70642
70655
70664
70677
70687
70703
70709
70722
70735
70757
70764
70777
70783
70796
70806
70818
70828
70844
70860
70873
70889
70902
70912
70924
70931
70944
70953
70973
70982
71005
71011
71027
71037
71053
71066
71079
71085
71095
71107
71127
71140
71156
71162
71175
71188
71201
71207
71223
71236
71255
71265
71291
71297
71307
71316
71329
71339
71355
71361
71371
71384
71400
71409
71429
71438
71448
71458
71470
71480
71503
71509
71528
71541
71557
71570
71583
71589
71609
71615
71631
71641
71657
71663
71679
71689
71711
71724
71734
71750
71763
71772
71792
71805
71814
71824
71837
71853
71869
71875
71885
71891
71904
71914
71930
71936
71949
71959
71972
71981
72001
72007
72020
72033
72042
72052
72065
72081
72097
72107
72116
72126
72139
72148
72158
72177
72187
72203
72216
72232
72245
72254
72264
72274
72283
72293
72312
72319
72328
72341
72360
72373
72386
72396
72412
72421
72441
72450
72470
72479
72492
72505
72518
72531
72547
72556
72572
72579
72595
72608
72624
72637
72646
72659
72675
72685
72698
72704
72717
72730
72746
72759
72768
72775
72791
72797
72813
72823
72836
72845
72858
72871
72887
72897
72906
72913
72929
72939
72955
72964
72980
72990
73003
73009
73025
73038
73048
73057
73070
73080
73099
73106
73118
73125
73144
73157
73176
73186
73199
73205
73221
73231
73247
73257
73269
73279
73289
73305
73318
73324
73337
73350
73359
73369
73382
73395
73404
73411
73427
73433
73453
73459
73472
73478
73491
73501
73517
73526
73539
73549
73559
73565
73591
73600
73613
73623
73636
73652
73671
73684
73700
73713
73729
73738
73754
73761
73774
73780
73800
73806
73822
73835
73851
73867
73880
73893
73912
73918
73931
73938
73947
73957
73976
73986
74005
74015
74028
74034
74056
74069
74082
74092
74108
74118
74127
74146
74156
74166
74185
74198
74227
74236
74246
74256
74265
74278
74288
74297
74307
74320
74333
74339
74355
74374
74384
74391
74400
74407
74416
74426
74439
74458
74471
74477
74490
74506
74529
74538
74551
74558
74570
74577
74596
74609
74622
74632
74641
74654
74667
74683
74699
74705
74715
74725
74741
74757
74770
74779
74792
74805
74818
74834
74847
74853
74863
74879
74889
74898
74911
74924
74937
74943
74956
74972
74985
74998
75014
75024
75040
75046
75065
75075
75091
75104
75117
75123
75136
75145
75158
75168
75187
75197
75210
75219
75242
75255
75277
75287
75303
75316
75329
75338
75348
75364
75390
75396
75409
75418
75431
75438
75467
75476
75486
75499
75515
75528
75544
75553
75563
75573
75589
75605
75618
75627
75643
75650
75669
75679
75698
75708
75717
75740
75753
75759
75772
75785
75794
75801
75817
75830
75843
75849
75868
75884
75897
75907
75920
75929
75952
75965
75974
75984
75997
76003
76026
76032
76048
76058
76067
76074
76093
76106
76125
76135
76151
76164
76177
76193
76206
76212
76225
76231
76247
76260
76273
76279
76292
76299
76312
76318
76331
76344
76353
76366
76382
76392
76414
76424
76437
76450
76466
76479
76495
76511
76527
76540
76559
76569
76578
76588
76604
76613
76623
76633
76652
76665
76694
76700
76713
76723
76742
76748
76758
76768
76781
76790
76800
76813
76829
76842
76854
76861
76880
76887
76903
76912
76931
76938
76954
76964
76980
76986
76999
77015
77028
77041
77057
77066
77083
77089
77102
77111
77124
77134
77163
77176
77192
77201
77214
77227
77246
77253
77262
77269
77285
77295
77307
77320
77333
77346
77359
77375
77397
77404
77423
77433
77449
77455
77465
77474
77484
77494
77510
77519
77539
77545
77558
77571
77580
77587
77603
77612
77629
77638
77651
77661
77674
77680
77706
77715
77728
77744
77757
77773
77796
77805
77818
77834
77844
77857
77873
77889
77905
77915
77934
77943
77953
77959
77979
77985
78001
78008
78027
78033
78053
78059
78075
78085
78098
78104
78120
78127
78143
78149
78162
78168
78191
78204
78216
78223
78236
78255
78274
78281
78297
78303
78313
78329
78348
78358
78374
78380
78403
78409
78432
78445
78454
78467
78483
78496
78512
78518
78535
78544
78554
78563
78576
78583
78599
78605
78615
78628
78647
78660
78676
78682
78698
78708
78721
78730
78743
78750
78759
78766
78785
78795
78811
78817
78840
78846
78862
78878
78894
78904
78914
78923
78939
78949
78962
78978
78994
79007
79023
79029
79048
79055
79071
79077
79090
79097
79113
79119
79138
79145
79161
79167
79190
79196
79209
79219
79228
79235
79254
79264
79273
79283
79302
79312
79328
79338
79350
79363
79373
79379
79399
79405
79421
79431
79447
79460
79469
79476
79492
79501
79514
79524
79543
79553
79566
79575
79588
79604
79614
79627
79636
79643
79662
79678
79691
79701
79717
79723
79739
79749
79762
79771
79787
79791
79803
79816
79832
79842
79855
79864
79874
79884
79906
79916
79929
79935
79948
79967
79977
79993
80006
80012
80025
80041
80057
80067
80080
80089
80102
80115
80131
80141
80150
80157
80166
80176
80189
80199
80208
80218
80231
80237
80250
80269
80282
80295
80308
80317
80337
80346
80359
80372
80385
80398
80411
80420
80433
80443
80459
80465
80488
80497
80510
80520
80539
80549
80561
80571
80594
80600
80616
80626
80648
80658
80671
80687
80700
80706
80725
80732
80751
80761
80773
80783
80799
80809
80822
80831
80841
80854
80870
80880
80899
80905
80918
80928
80944
80950
80966
80973
80982
80992
81005
81021
81040
81050
81059
81066
81092
81101
81111
81117
81130
81140
81156
81169
81181
81188
81201
81214
81233
81243
81252
81268
81291
81297
81316
81323
81336
81345
81355
81371
81384
81397
81413
81419
81432
81445
81458
81464
81480
81496
81509
81519
81535
81544
81557
81567
81583
81590
81599
81606
81615
81625
81644
81657
81679
81686
81699
81705
81724
81731
81744
81753
81766
81779
81792
81808
81821
81827
81840
81853
81869
81882
81895
81901
81914
81924
81940
81949
81965
81972
81988
82004
82017
82026
82046
82052
82065
82075
82094
82100
82113
82123
82142
82152
82168
82174
82193
82200
82216
82226
82242
82248
82264
82280
82293
82303
82319
82328
82348
82357
82370
82380
82396
82409
82425
82441
82454
82463
82476
82492
82515
82521
82531
82544
82556
82569
82592
82598
82611
82621
82637
82653
82669
82675
82691
82698
82711
82720
82740
82749
82759
82772
82788
82804
82817
82823
82836
82842
82855
82871
82887
82897
82913
82919
82939
82945
82961
82971
82987
83000
83019
83025
83038
83051
83061
83067
83080
83090
83106
83115
83128
83138
83157
83170
83186
83196
83205
83212
83221
83231
83247
83257
83266
83279
83292
83302
83315
83321
83340
83347
83363
83369
83385
83395
83408
83414
83433
83440
83456
83462
83478
83488
83501
83514
83530
83543
83559
83565
83581
83591
83607
83613
83626
83636
83655
83665
83674
83687
83697
83710
83719
83729
83755
83761
83774
83787
83803
83809
83822
83835
83848
83861
83877
83886
83906
83912
83925
83938
83954
83960
83976
83986
84005
84012
84021
84031
84044
84057
84073
84079
84095
84105
84121
84134
84150
84156
84169
84179
84195
84208
84220
84227
84240
84253
84269
84278
84294
84304
84317
84330
84339
84352
84365
84378
84397
84404
84420
84426
84439
84455
84474
84484
84497
84503
84529
84538
84551
84558
84571
84580
84593
84603
84622
84632
84648
84657
84673
84683
84696
84709
84722
84728
84744
84754
84770
84783
84799
84805
84818
84831
84850
84860
84873
84879
84892
84905
84924
84934
84950
84956
84982
84998
85011
85017
85030
85040
85056
85072
85085
85094
85110
85123
85146
85152
85165
85178
85191
85200
85219
85226
85252
85258
85281
85290
85306
85316
85332
85351
85364
85380
85399
85406
85419
85428
85441
85451
85464
85470
85493
85499
85518
85534
85547
85557
85570
85576
85592
85602
85615
85624
85637
85644
85660
85666
85692
85698
85714
85727
85740
85750
85766
85772
85785
85798
85814
85820
85843
85849
85865
85872
85881
85891
85904
85916
85926
85936
85955
85968
85984
86000
86016
86023
86042
86048
86061
86071
86090
86100
86116
86125
86145
86154
86164
86170
86183
86193
86206
86225
86238
86247
86257
86267
86280
86286
86299
86312
86328
86334
86347
86357
86376
86386
86395
86405
86421
86434
86450
86463
86479
86488
86508
86514
86527
86540
86559
86572
86591
86601
86620
86633
86646
86659
86675
86681
86691
86707
86726
86736
86749
86755
86774
86781
86797
86810
86826
86832
86848
86858
86874
86887
86903
86912
86922
86932
86951
86961
86977
86986
87009
87022
87038
87047
87060
87070
87089
87102
87112
87121
87137
87150
87160
87176
87189
87198
87221
87237
87253
87263
87275
87282
87295
87307
87324
87330
87343
87356
87372
87388
87401
87410
87423
87436
87462
87468
87478
87484
87500
87510
87532
87539
87552
87561
87577
87587
87606
87622
87629
87638
87648
87658
87674
87683
87696
87703
87719
87728
87748
87754
87770
87783
87793
87802
87818
87825
87834
87844
87860
87870
87886
87899
87908
87918
87934
87947
87960
87969
87979
87992
88005
88014
88027
88037
88050
88059
88072
88082
88101
88111
88123
88133
88146
88156
88172
88178
88194
88210
88226
88239
88258
88265
88281
88294
88310
88323
88335
88345
88358
88368
88384
88393
88406
88422
88445
88454
88467
88477
88496
88503
88519
88525
88538
88544
88557
88570
88586
88596
88612
88621
88644
88657
88670
88676
88689
88698
88718
88731
88740
88750
88763
88769
88785
88798
88811
88824
88837
88846
88869
88878
88891
88901
88917
88930
88943
88952
88965
88972
88984
88991
89020
89033
89042
89049
89065
89074
89094
89103
89116
89126
89139
89145
89171
89180
89193
89203
89219
89232
89248
89261
89277
89293
89306
89315
89338
89344
89354
89367
89383
89392
89405
89412
89421
89434
89447
89457
89473
89489
89502
89511
89524
89534
89547
89553
89572
89582
89601
89611
89627
89636
89656
89662
89678
89685
89707
89717
89733
89743
89755
89765
89778
89791
89807
89816
89829
89836
89852
89858
89874
89887
89903
89910
89922
89929
89951
89961
89977
89987
90003
90009
90025
90035
90048
90057
90077
90086
90106
90112
90131
90141
90157
90170
90186
90199
90208
90218
90234
90244
90260
90272
90282
90289
90305
90311
90330
90337
90356
90366
90382
90398
90411
90420
90430
90440
90459
90465
90488
90501
90517
90526
90546
90552
90568
90584
90594
90607
90616
90629
90652
90658
90671
90681
90690
90700
90716
90725
90751
90758
90770
90780
90793
90809
90822
90835
90857
90867
90886
90899
90912
90918
90934
90947
90963
90973
90986
90999
91011
91021
91040
91047
91063
91069
91085
91098
91108
91114
91127
91137
91153
91162
91175
91188
91207
91214
91230
91243
91256
91262
91272
91278
91291
91297
91316
91326
91342
91352
91368
91374
91387
91397
91410
91416
91426
91432
91458
91471
91487
91500
91509
91519
91535
91541
91554
91561
91577
91586
91612
91631
91641
91651
91660
91670
91686
91699
91715
91721
91731
91741
91757
91766
91779
91786
91802
91811
91827
91840
91863
91869
91882
91888
91904
91911
91927
91940
91953
91959
91969
91975
92001
92014
92030
92039
92059
92065
92084
92097
92107
92113
92129
92142
92155
92165
92174
92184
92197
92213
92229
92235
92242
92258
92271
92280
92293
92303
92319
92325
92341
92348
92370
92377
92386
92399
92415
92422
92431
92441
92454
92460
92473
92483
92499
92508
92518
92528
92544
92553
92563
92582
92598
92611
92624
92637
92653
92663
92672
92682
92698
92704
92717
92727
92740
92746
92762
92769
92781
92788
92804
92817
92833
92846
92858
92868
92878
92887
92897
92910
92920
92926
92942
92952
92968
92984
92997
93006
93022
93029
93045
93051
93067
93080
93096
93109
93122
93132
93148
93157
93177
93186
93202
93212
93228
93241
93254
93266
93276
93286
93299
93308
93337
93350
93363
93379
93395
93401
93411
93421
93430
93440
93453
93462
93475
93488
93501
93507
93520
93530
93543
93552
93562
93575
93594
93601
93610
93620
93639
93649
93662
93668
93681
93690
93703
93713
93739
93745
93761
93771
93784
93797
93806
93816
93829
93835
93848
93861
93874
93883
93896
93909
93925
93935
93951
93960
93973
93983
94015
94028
94041
94047
94060
94070
94086
94092
94105
94118
94137
94150
94163
94179
94192
94201
94214
94224
94237
94243
94259
94275
94295
94301
94314
94323
94333
94343
94359
94368
94381
94391
94410
94420
94436
94445
94458
94465
94481
94494
94510
94519
94539
94545
94558
94571
94590
94600
94609
94619
94635
94645
94661
94667
94690
94699
94712
94722
94738
94744
94767
94776
94789
94799
94812
94821
94841
94850
94863
94873
94892
94911
94924
94934
94950
94963
94975
94985
95001
95014
95030
95043
95062
95072
95088
95094
95110
95117
95130
95139
95152
95162
95175
95184
95197
95207
95223
95236
95245
95255
95268
95277
95297
95306
95316
95326
95335
95345
95361
95371
95387
95393
95406
95419
95438
95448
95461
95470
95480
95486
95502
95515
95528
95538
95550
95557
95586
95599
95615
95621
95637
95647
95666
95676
95689
95695
95714
95727
95750
95759
95772
95782
95801
95811
95827
95833
95843
95849
95872
95888
95901
95907
95920
95933
95949
95962
95971
95978
95994
96000
96023
96036
96045
96052
96061
96071
96081
96090
96103
96113
96129
96135
96151
96161
96177
96187
96196
96203
96219
96235
96251
96267
96289
96302
96318
96328
96341
96347
96357
96366
96386
96399
96415
96424
96437
96453
96469
96479
96492
96501
96511
96521
96537
96546
96562
96569
96585
96601
96614
96620
96630
96636
96649
96659
96675
96688
96701
96707
96720
96733
96749
96762
96771
96781
96794
96800
96813
96832
96842
96855
96871
96884
96900
96909
96919
96932
96948
96964
96980
96990
97006
97015
97035
97051
97067
97079
97096
97105
97121
97128
97144
97160
97170
97176
97195
97211
97224
97234
97250
97263
97279
97295
97308
97314
97333
97340
97353
97359
97378
97391
97401
97414
97423
97436
97446
97452
97468
97478
97491
97504
97520
97526
97539
97549
97558
97568
97584
97594
97610
97619
97635
97648
97661
97671
97687
97700
97709
97719
97732
97748
97764
97770
97793
97799
97818
97825
97844
97851
97867
97873
97899
97912
97928
97937
97953
97960
97973
97979
97992
98001
98014
98021
98040
98050
98066
98075
98095
98111
98127
98140
98149
98159
98178
98191
98207
98220
98230
98239
98255
98268
98284
98294
98323
98339
98348
98355
98368
98374
98393
98406
98419
98435
98445
98461
98480
98487
98499
98506
98519
98525
98541
98551
98570
98580
98589
98596
98609
98615
98628
98641
98650
98663
98682
98689
98708
98718
98731
98737
98750
98763
98776
98785
98795
98811
98827
98834
98846
98859
98872
98879
98898
98904
98920
98930
98943
98959
98975
98985
98997
99004
99013
99020
99033
99039
99058
99065
99084
99097
99116
99126
99145
99158
99174
99187
99197
99203
99219
99229
99245
99251
99274
99283
99293
99306
99325
99335
99351
99360
99380
99386
99405
99412
99425
99431
99447
99457
99476
99486
99502
99508
99531
99547
99560
99569
99585
99595
99608
99624
99637
99646
99659
99675
99691
99701
99714
