0 1794
1 1744
2 1816
3 1809
4 1858
5 1887
6 1829
7 1809
8 1853
9 1836
10 1846
11 1880
12 1840
13 1839
14 1773
15 1863
16 1872
17 1773
18 1838
19 1801
20 1832
21 1827
22 1811
23 1791
24 1831
25 1774
26 1800
27 1844
28 1794
29 1772
30 1756
31 1818
32 1841
33 1757
34 1783
35 1902
36 1829
37 1796
38 1786
39 1839
40 1811
41 1826
42 1770
43 1884
44 1787
45 1801
46 1761
47 1776
48 1877
49 1872
50 1834
51 1804
52 1812
53 1805
54 1841
55 1796
56 1843
57 1826
58 1853
59 1799
60 1833
61 1801
62 1791
63 1797
64 1819
65 1773
66 1884
67 1894
68 1749
69 1833
70 1789
71 1795
72 1823
73 1797
74 1762
75 1776
76 1827
77 1776
78 1780
79 1819
80 1868
81 1777
82 1783
83 1828
84 1851
85 1872
86 1850
87 1764
88 1895
89 1830
90 1801
91 1818
92 1838
93 1807
94 1755
95 1859
96 1842
97 1888
98 1798
99 1843
100 1818
101 1744
102 1833
103 1845
104 1843
105 1816
106 1807
107 1875
108 1807
109 1874
110 1734
111 1838
112 1736
113 1840
114 1787
115 1794
116 1839
117 1772
118 1815
119 1772
120 1846
121 1870
122 1832
123 1794
124 1791
125 1847
126 1817
127 1733
128 1869
129 1796
130 1800
131 1794
132 1801
133 1835
134 1833
135 1773
136 1813
137 1907
138 1816
139 1774
140 1831
141 1887
142 1827
143 1825
144 1785
145 1807
146 1883
147 1838
148 1838
149 1749
150 1817
151 1853
152 1799
153 1803
154 1810
155 1830
156 1789
157 1778
158 1846
159 1788
160 1763
161 1801
162 1810
163 1782
164 1863
165 1820
166 1819
167 1844
168 1850
169 1831
170 1875
171 1762
172 1831
173 1825
174 1798
175 1842
176 1850
177 1834
178 1867
179 1772
180 1812
181 1825
182 1807
183 1913
184 1823
185 1771
186 1864
187 1836
188 1826
189 1797
190 1797
191 1781
192 1837
193 1803
194 1816
195 1832
196 1864
197 1834
198 1806
199 1745
200 1818
201 1821
202 1799
203 1859
204 1896
205 1887
206 1879
207 1883
208 1795
209 1932
210 1797
211 1922
212 1839
213 1855
214 1890
215 1850
216 1857
217 1858
218 1946
219 1939
220 1887
221 1883
222 1876
223 1920
224 1899
225 1846
226 1955
227 1811
228 1919
229 1924
230 1904
231 1908
232 1936
233 1847
234 1933
235 1955
236 1886
237 1848
238 1960
239 1942
240 1945
241 1937
242 1869
243 1902
244 1928
245 1918
246 1895
247 1884
248 1945
249 1939
250 1897
251 1975
252 1959
253 1950
254 2021
255 1955
256 2028
257 1904
258 1933
259 1954
260 1947
261 1903
262 1963
263 1948
264 1985
265 1933
266 1969
267 1927
268 1961
269 1893
270 1950
271 1938
272 1953
273 1987
274 1985
275 1927
276 1944
277 1877
278 1931
279 1896
280 1896
281 1976
282 1957
283 1859
284 1949
285 1891
286 1931
287 1880
288 1900
289 1855
290 1932
291 1903
292 1875
293 1859
294 1963
295 1830
296 1910
297 1938
298 1902
299 1876
300 1928
301 1948
302 1941
303 1895
304 1874
305 1943
306 1843
307 1947
308 1836
309 1922
310 1907
311 1910
312 1863
313 1907
314 1915
315 1936
316 1880
317 1860
318 1955
319 1908
320 1877
321 1839
322 1886
323 1895
324 1882
325 1832
326 1866
327 1866
328 1912
329 1842
330 1900
331 1882
332 1835
333 1889
334 1902
335 1877
336 1863
337 1896
338 1930
339 1859
340 1904
341 1877
342 1841
343 1857
344 1879
345 1875
346 1964
347 1889
348 1814
349 1908
350 1921
351 1939
352 1946
353 1923
354 1896
355 1901
356 1926
357 1938
358 1887
359 1886
360 1882
361 1844
362 1889
363 1842
364 1903
365 1864
366 1867
367 1882
368 1840
369 1886
370 1922
371 1876
372 1931
373 1885
374 1872
375 1814
376 1883
377 1874
378 1981
379 1927
380 1926
381 1885
382 1842
383 1879
384 1876
385 1842
386 1883
387 1859
388 1907
389 1876
390 1929
391 1895
392 1876
393 1827
394 1921
395 1885
396 1886
397 1883
398 1914
399 1895
400 1921
401 1889
402 1956
403 1915
404 1915
405 1924
406 1905
407 1929
408 1816
409 1881
410 1856
411 1877
412 1927
413 1885
414 1846
415 1881
416 1892
417 1978
418 1836
419 1826
420 1858
421 1843
422 1872
423 1849
424 1830
425 1872
426 1864
427 1848
428 1844
429 1896
430 1847
431 1865
432 1948
433 1809
434 1837
435 1782
436 1915
437 1848
438 1826
439 1839
440 1860
441 1794
442 1822
443 1799
444 1838
445 1849
446 1787
447 1832
448 1808
449 1838
450 1871
451 1800
452 1824
453 1852
454 1844
455 1867
456 1813
457 1840
458 1836
459 1751
460 1781
461 1779
462 1826
463 1766
464 1839
465 1824
466 1790
467 1789
468 1805
469 1812
470 1809
471 1820
472 1833
473 1758
474 1844
475 1742
476 1847
477 1811
478 1812
479 1801
480 1755
481 1800
482 1816
483 1786
484 1794
485 1858
486 1845
487 1793
488 1850
489 1791
490 1854
491 1806
492 1794
493 1746
494 1781
495 1841
496 1830
497 1786
498 1842
499 1768
500 1893
501 1787
502 1871
503 1806
504 1825
505 1837
506 1798
507 1866
508 1915
509 1831
510 1830
511 1777
512 1808
513 1763
514 1811
515 1820
516 1793
517 1749
518 1839
519 1762
520 1812
521 1860
522 1809
523 1821
524 1791
525 1815
526 1861
527 1863
528 1814
529 1771
530 1868
531 1747
532 1812
533 1781
534 1839
535 1803
536 1770
537 1864
538 1876
539 1834
