1 2 2.571437076 0.0640992754201184 2.443452871478931
1 3 2.8334946841999997 0.09726875843039348 2.2174685353092736
1 4 0.5060223482 0.13513517482655518 12.416813861146352
1 5 0.4075599346 0.13428487552439447 15.416592196056325
1 6 0.3411700328000001 0.1277825992052757 18.41658030634508
1 7 0.29338130839999993 0.13635012047925202 21.41644722169215
1 8 0.2573329642 0.13759863398771233 24.416558238905896
1 9 0.22917476380000001 0.138479875854718 27.416567177801912
1 10 0.20656887080000003 0.14197795015785702 30.41690300598567
1 11 0.37605206880000003 0.07495941853037778 16.70828544363425
1 12 0.34505985920000004 0.0760503889174461 18.20897197879453
1 13 0.3188084616000001 0.07967332612052305 19.70833921924858
1 14 0.2962635354 0.07726092265366354 21.208095348947847
1 15 0.2766920336 0.0770114136511889 22.708226273918957
2 3 1.1650097534000001 0.09014754184800952 5.393246956810916
3 4 2.2090367270000004 0.10579010721254938 2.8443100245383945
3 5 2.0048476044000005 0.09784275412314762 3.1339964660605624
3 7 2.1653446142 0.11424401240108388 2.9017022352818183
3 8 2.033847024 0.1332148800859547 3.0893106674376836
3 10 2.1437395960000005 0.13388522723729152 2.9309461461193185
4 5 3.1415926536000005 0.16663878199765778 1.9999999999935019
4 7 3.1415926536000005 0.16753750210686003 1.9999999999935019
4 9 3.1415926536000005 0.13862212943632576 1.9999999999935019
4 11 3.1415926536000005 0.18676167260453785 1.9999999999935019
4 13 3.1415926536000005 0.11796754708042176 1.9999999999935019
4 15 3.1415926536000005 0.16335250616269525 1.9999999999935019
5 7 3.0787107092 0.09414639243082457 2.0408495310727863
5 8 1.2287894270000004 0.1052675926642461 5.113313289584143
5 9 2.4846065972 0.10647905672797686 2.5288451355882064
