0 0
1 0
2 0
3 0
4 0
5 0
6 0
7 0
8 0
9 0
10 0
11 0
12 0
13 0
14 0
15 0
16 0
17 0
18 0
19 0
20 0
21 0
22 0
23 0
24 0
25 0
26 0
27 0
28 0
29 0
30 0
31 0
32 0
33 0
34 0
35 0
36 0
37 0
38 0
39 0
40 0
41 0
42 0
43 0
44 0
45 0
46 0
47 0
48 0
49 0
50 0
51 0
52 0
53 0
54 0
55 0
56 0
57 0
58 0
59 0
60 0
61 0
62 0
63 0
64 0
65 0
66 0
67 0
68 0
69 0
70 0
71 0
72 0
73 0
74 0
75 0
76 0
77 0
78 0
79 0
80 0
81 0
82 0
83 0
84 0
85 0
86 0
87 0
88 0
89 0
90 0
91 0
92 0
93 0
94 0
95 0
96 0
97 0
98 0
99 0
100 0
101 0
102 0
103 0
104 0
105 0
106 0
107 0
108 0
109 0
110 0
111 0
112 0
113 0
114 0
115 0
116 0
117 0
118 0
119 0
120 0
121 0
122 0
123 1
124 0
125 0
126 0
127 1
128 0
129 1
130 0
131 0
132 0
133 0
134 0
135 0
136 0
137 0
138 0
139 0
140 0
141 0
142 0
143 0
144 0
145 0
146 0
147 0
148 1
149 0
150 0
151 0
152 0
153 0
154 0
155 0
156 0
157 0
158 0
159 0
160 0
161 1
162 0
163 1
164 0
165 0
166 1
167 0
168 1
169 0
170 0
171 0
172 0
173 2
174 0
175 0
176 1
177 1
178 2
179 0
180 0
181 1
182 5
183 2
184 1
185 3
186 3
187 3
188 5
189 8
190 8
191 7
192 9
193 11
194 5
195 4
196 10
197 18
198 17
199 17
200 22
201 27
202 28
203 20
204 31
205 32
206 37
207 35
208 37
209 37
210 41
211 53
212 47
213 54
214 48
215 58
216 52
217 57
218 72
219 59
220 64
221 59
222 55
223 79
224 65
225 75
226 76
227 58
228 61
229 87
230 83
231 95
232 85
233 92
234 89
235 93
236 88
237 97
238 96
239 91
240 100
241 96
242 94
243 101
244 79
245 96
246 87
247 90
248 95
249 103
250 90
251 96
252 99
253 77
254 97
255 81
256 92
257 86
258 86
259 77
260 88
261 71
262 76
263 61
264 69
265 66
266 64
267 73
268 62
269 57
270 66
271 77
272 55
273 65
274 52
275 46
276 47
277 44
278 41
279 34
280 31
281 32
282 37
283 31
284 31
285 28
286 14
287 20
288 20
289 21
290 25
291 14
292 23
293 17
294 16
295 12
296 14
297 14
298 7
299 8
300 4
301 6
302 5
303 2
304 2
305 7
306 6
307 4
308 2
309 7
310 7
311 13
312 9
313 8
314 8
315 15
316 15
317 10
318 17
319 18
320 24
321 24
322 20
323 24
324 37
325 25
326 25
327 40
328 43
329 46
330 41
331 46
332 53
333 54
334 56
335 51
336 54
337 58
338 66
339 64
340 65
341 69
342 58
343 68
344 75
345 72
346 78
347 82
348 69
349 83
350 78
351 64
352 78
353 74
354 79
355 74
356 80
357 76
358 87
359 68
360 75
361 61
362 70
363 64
364 63
365 71
366 61
367 57
368 65
369 75
370 55
371 65
372 52
373 47
374 47
375 43
376 41
377 34
378 31
379 32
380 37
381 31
382 30
383 28
384 13
385 20
386 19
387 20
388 24
389 13
390 22
391 16
392 16
393 12
394 12
395 13
396 7
397 7
398 3
399 4
400 3
401 1
402 2
403 1
404 3
405 1
406 0
407 0
408 1
409 1
410 0
411 0
412 0
413 0
414 0
415 0
416 0
417 0
418 0
419 0
420 0
421 0
422 0
423 0
424 0
425 0
426 0
427 0
428 0
429 0
430 0
431 0
432 0
433 0
434 0
435 0
436 0
437 0
438 0
439 0
440 0
441 0
442 1
443 0
444 0
445 0
446 0
447 0
448 0
449 0
450 0
451 0
452 0
453 0
454 0
455 0
456 0
457 0
458 0
459 0
460 0
461 0
462 0
463 0
464 0
465 0
466 0
467 0
468 0
469 0
470 0
471 0
472 0
473 0
474 0
475 0
476 0
477 0
478 0
479 0
480 0
481 0
482 0
483 0
484 0
485 0
486 0
487 0
488 0
489 0
490 0
491 0
492 0
493 0
494 0
495 0
496 0
497 0
498 0
499 0
500 0
501 0
502 0
503 0
504 0
505 0
506 0
507 0
508 0
509 0
510 0
511 0
512 0
513 0
514 0
515 0
516 0
517 0
518 0
519 0
520 0
521 0
522 0
523 0
524 0
525 0
526 0
527 0
528 0
529 0
530 0
531 0
532 0
533 0
534 0
535 0
536 0
537 0
538 0
539 0
