0 1807
1 1756
2 1858
3 1784
4 1765
5 1870
6 1823
7 1741
8 1761
9 1880
10 1788
11 1747
12 1713
13 1828
14 1798
15 1799
16 1748
17 1846
18 1837
19 1730
20 1816
21 1859
22 1802
23 1839
24 1873
25 1697
26 1891
27 1733
28 1874
29 1798
30 1789
31 1793
32 1755
33 1839
34 1746
35 1753
36 1799
37 1848
38 1789
39 1804
40 1769
41 1829
42 1799
43 1743
44 1820
45 1848
46 1761
47 1724
48 1785
49 1733
50 1786
51 1710
52 1722
53 1769
54 1711
55 1741
56 1715
57 1761
58 1657
59 1844
60 1712
61 1795
62 1795
63 1817
64 1676
65 1713
66 1740
67 1686
68 1794
69 1775
70 1779
71 1845
72 1811
73 1788
74 1735
75 1685
76 1768
77 1725
78 1820
79 1779
80 1780
81 1709
82 1787
83 1787
84 1829
85 1731
86 1733
87 1771
88 1806
89 1736
90 1870
91 1799
92 1831
93 1756
94 1923
95 1745
96 1793
97 1823
98 1849
99 1796
100 1880
101 1891
102 1832
103 1815
104 1851
105 1840
106 1850
107 1766
108 1891
109 1868
110 1818
111 1787
112 1867
113 1827
114 1890
115 1816
116 1841
117 1828
118 1886
119 1953
120 1903
121 1977
122 1877
123 1901
124 1879
125 1804
126 1880
127 1863
128 1866
129 1989
130 1998
131 1874
132 1922
133 1898
134 1866
135 1912
136 1903
137 2006
138 1927
139 1856
140 1896
141 1964
142 1941
143 1900
144 1926
145 1852
146 1937
147 1851
148 1912
149 1873
150 2003
151 1980
152 2001
153 1842
154 1877
155 1934
156 1968
157 1932
158 1879
159 1875
160 1907
161 1913
162 1847
163 1899
164 1897
165 1872
166 1911
167 1928
168 1935
169 1909
170 1795
171 1843
172 1887
173 1816
174 2001
175 1825
176 1846
177 1883
178 1880
179 1891
180 1855
181 1890
182 1854
183 1871
184 1828
185 1919
186 1897
187 1914
188 1813
189 1889
190 1851
191 1786
192 1884
193 1826
194 1851
195 1848
196 1850
197 1815
198 1850
199 1897
200 1911
201 1897
202 1754
203 1899
204 1796
205 1872
206 1929
207 1835
208 1875
209 1912
210 1830
211 1936
212 1865
213 1933
214 1846
215 1911
216 1887
217 1879
218 1991
219 1880
220 1931
221 1850
222 1904
223 1854
224 1939
225 1868
226 1864
227 1835
228 1829
229 1802
230 1946
231 1920
232 1897
233 1851
234 1909
235 1829
236 1785
237 1856
238 1851
239 1792
240 1845
241 1944
242 1922
243 1839
244 1794
245 1840
246 1862
247 1767
248 1901
249 1848
250 1849
251 1910
252 1844
253 1857
254 1917
255 1854
256 1893
257 1801
258 1882
259 1850
260 1966
261 1868
262 1846
263 1766
264 1811
265 1853
266 1910
267 1831
268 1860
269 1786
270 1835
271 1872
272 1900
273 1867
274 1849
275 1815
276 1790
277 1707
278 1885
279 1792
280 1780
281 1783
282 1919
283 1850
284 1839
285 1812
286 1891
287 1760
288 1786
289 1766
290 1757
291 1769
292 1793
293 1790
294 1891
295 1821
296 1837
297 1810
298 1810
299 1790
300 1788
301 1805
302 1846
303 1799
304 1852
305 1885
306 1747
307 1740
308 1841
309 1791
310 1844
311 1860
312 1823
313 1818
314 1872
315 1797
316 1867
317 1779
318 1808
319 1828
320 1847
321 1874
322 1886
323 1811
324 1868
325 1840
326 1857
327 1966
328 1847
329 1933
330 1837
331 1905
332 1968
333 1871
334 1782
335 1907
336 1968
337 1937
338 1986
339 1873
340 1901
341 1887
342 1925
343 1931
344 1903
345 1992
346 1927
347 2014
348 1963
349 1915
350 1964
351 1928
352 1955
353 1895
354 1911
355 1978
356 1932
357 1924
358 1976
359 1919
360 2011
361 1937
362 1970
363 2006
364 1915
365 1955
366 1930
367 1875
368 1909
369 1930
370 1981
371 1947
372 1942
373 1993
374 1974
375 1930
376 2032
377 1927
378 1932
379 1973
380 1987
381 1866
382 1939
383 1895
384 1872
385 1905
386 1833
387 1932
388 1997
389 1933
390 1982
391 1884
392 1922
393 1981
394 1960
395 1905
396 1955
397 1922
398 1889
399 1862
400 1874
401 1896
402 1872
403 1891
404 1901
405 1923
406 1902
407 1912
408 1899
409 1976
410 1968
411 1973
412 1996
413 1964
414 1905
415 1920
416 1956
417 1942
418 1978
419 1966
420 1970
421 1978
422 1965
423 1880
424 1970
425 1959
426 1927
427 1926
428 1934
429 1939
430 1910
431 1960
432 1936
433 1890
434 1990
435 1944
436 2008
437 1979
438 1976
439 1994
440 1922
441 2028
442 1906
443 1866
444 1961
445 1959
446 1919
447 1897
448 1952
449 1898
450 1906
451 1994
452 1986
453 1896
454 1856
455 1887
456 1917
457 1882
458 2021
459 1990
460 1960
461 1827
462 1915
463 1917
464 1866
465 1882
466 1960
467 1876
468 1951
469 1912
470 1914
471 1914
472 1859
473 1884
474 1952
475 1930
476 1922
477 1874
478 1853
479 1924
480 1952
481 1955
482 1862
483 1989
484 1836
485 1895
486 1872
487 1972
488 1913
489 1831
490 1881
491 1996
492 1996
493 1923
494 1891
495 1855
496 1956
497 1897
498 1936
499 2017
500 1936
501 1864
502 1887
503 1855
504 1892
505 1958
506 1931
507 1781
508 1892
509 1819
510 1889
511 1910
512 1901
513 1900
514 1932
515 1926
516 1904
517 1893
518 1857
519 1853
520 1899
521 1861
522 1830
523 1823
524 1844
525 1859
526 1937
527 1918
528 1884
529 1863
530 1799
531 1794
532 1875
533 1808
534 1861
535 1939
536 1975
537 1814
538 1836
539 1768
