1 1.0 1.0
2 0.6446725293260667 1.2893450586521333
3 0.24480422886296344 0.7344126865888903
4 0.037362360821032704 0.14944944328413082
5 0.12093891592007906 0.6046945796003953
6 0.05603217208155228 0.33619303248931365
7 0.05920698064388537 0.4144488645071976
8 0.11297638229226441 0.9038110583381153
9 0.08418636548596477 0.757677289373683
10 0.011632666946470954 0.11632666946470954
11 0.05870967051845453 0.6458063757029998
12 0.07578472088640764 0.9094166506368917
13 0.05070826865699237 0.6592074925409008
14 0.015470431479221043 0.2165860407090946
15 0.011465514291562433 0.1719827143734365
16 0.012080250567327224 0.19328400907723559
17 0.010862808086669954 0.18466773747338922
18 0.0114852349009673 0.2067342282174114
19 0.004683884132479102 0.08899379851710293
20 0.005078156918553371 0.10156313837106742
21 0.008953124001104876 0.18801560402320242
22 0.005336397700026407 0.11740074940058096
23 0.0020137912254275274 0.04631719818483313
24 0.0045543083257988315 0.10930339981917195
25 0.0027122792859687293 0.06780698214921824
26 0.0013795987524598304 0.03586956756395559
27 0.003287864700394195 0.08877234691064327
28 0.0023246773691547058 0.06509096633633177
29 0.0007541671190774287 0.021870846453245434
30 0.0011371422151625135 0.034114266454875405
31 0.0005645245243023772 0.017500260253373694
32 0.0012640608860682767 0.040449948354184855
33 0.0019907594209959095 0.06569506089286502
34 0.001405885483215203 0.0478001064293169
35 0.0007940620703497087 0.027792172462239806
36 0.0037870006855682875 0.13633202468045835
37 0.006167210971268215 0.22818680593692398
38 0.006176790692999378 0.23471804633397636
39 0.0034354439682427575 0.13398231476146755
40 0.0007176809169846834 0.02870723667938734
41 0.003566855523680679 0.14624107647090784
42 0.0036408218911194033 0.15291451942701495
43 0.0017422631565291078 0.07491731573075164
44 0.0015362133820784872 0.06759338881145344
45 0.0011635870727373019 0.052361418273178584
46 0.0026853377915345357 0.12352553841058864
47 0.006030532220431683 0.2834350143602891
48 0.007572538608600864 0.3634818532128415
49 0.0061310689635846434 0.3004223792156475
