1 0.7985467537954992 0.7985467537954992
2 0.32061814928309407 0.6412362985661881
3 0.30359418284609546 0.9107825485382863
4 0.6019015738751037 2.4076062955004147
5 0.6004862934665662 3.002431467332831
6 0.3699258112430088 2.2195548674580525
7 0.1279822946231241 0.8958760623618687
8 0.1443860719363926 1.1550885754911409
9 0.14047291569572581 1.2642562412615324
10 0.061892666596303665 0.6189266659630367
11 0.07449854757072218 0.8194840232779439
12 0.10642371274306707 1.277084552916805
13 0.09782054111936876 1.271667034551794
14 0.07141973941251438 0.9998763517752013
15 0.030664570200596136 0.459968553008942
16 0.02380889304450429 0.38094228871206864
17 0.05842672378730657 0.9932543043842117
18 0.05882170512828453 1.0587906923091215
19 0.030807710010746534 0.5853464902041842
20 0.000247529276859537 0.00495058553719074
21 0.013254952724353574 0.27835400721142506
22 0.008967291309418408 0.197280408807205
23 0.006034437010297549 0.13879205123684363
24 0.0026535563710310362 0.06368535290474486
25 0.012556636173805879 0.313915904345147
26 0.02535056049915427 0.659114572978011
27 0.028224164524372736 0.7620524421580639
28 0.023385162585658845 0.6547845523984477
29 0.018416734079292885 0.5340852882994936
30 0.011923741760181376 0.3577122528054413
31 0.0032623776827444963 0.10113370816507938
32 0.005478122474147302 0.17529991917271368
33 0.003396564067413141 0.11208661422463365
34 0.004118597070133 0.140032300384522
35 0.008332732589076151 0.2916456406176653
36 0.003325876731672844 0.11973156234022239
37 0.009260048092002213 0.3426217794040819
38 0.018892105215814674 0.7178999982009576
39 0.018942278871135036 0.7387488759742664
40 0.010284945580406612 0.4113978232162645
41 0.0006538125753346611 0.026806315588721107
42 0.003134770487369376 0.1316603604695138
43 0.002634269706230067 0.11327359736789287
44 0.005760345876574516 0.2534552185692787
45 0.00519652004865241 0.23384340218935845
46 0.0012311967862250223 0.05663505216635103
47 0.005842888342911155 0.2746157521168243
48 0.005877409438475146 0.282115653046807
49 0.0011173901514589927 0.054752117421490644
