      1 	101 	62
      1 	1018 	939
      1 	10 	6
      1 	1090 	1020
      1 	1090 	1021
      1 	1090 	1033
      1 	11 	5
      1 	1209 	1127
      1 	1209 	1142
      1 	122 	49
      1 	122 	62
      1 	122 	63
      1 	122 	64
      1 	122 	70
      1 	122 	74
      1 	122 	81
      1 	122 	84
      1 	122 	85
      1 	12 	7
      1 	127 	72
      1 	127 	78
      1 	127 	91
      1 	1290 	1204
      1 	139 	100
      1 	139 	83
      1 	139 	84
      1 	139 	86
      1 	139 	87
      1 	139 	91
      1 	139 	92
      1 	139 	94
      1 	139 	98
      1 	139 	99
      1 	1453 	1365
      1 	151 	102
      1 	151 	105
      1 	151 	108
      1 	151 	76
      1 	151 	84
      1 	151 	87
      1 	151 	90
      1 	154 	111
      1 	15 	8
      1 	16 	2
      1 	167 	100
      1 	17 	10
      1 	17 	3
      1 	17 	5
      1 	18 	11
      1 	1882 	1739
      1 	1882 	1784
      1 	193 	133
      1 	2312 	2250
      1 	23 	13
      1 	2367 	2275
      1 	241 	174
      1 	24 	2
      1 	24 	5
      1 	258 	169
      1 	258 	175
      1 	258 	177
      1 	258 	179
      1 	258 	182
      1 	258 	197
      1 	258 	202
      1 	258 	208
      1 	258 	209
      1 	258 	211
      1 	258 	216
      1 	2594 	2489
      1 	26 	15
      1 	26 	3
      1 	295 	223
      1 	295 	224
      1 	3075 	2967
      1 	308 	239
      1 	3094 	2924
      1 	356 	287
      1 	37 	15
      1 	37 	17
      1 	41 	10
      1 	41 	11
      1 	41 	21
      1 	41 	23
      1 	41 	26
      1 	41 	8
      1 	4 	2
      1 	52 	30
      1 	52 	33
      1 	52 	4
      1 	52 	6
      1 	52 	8
      1 	529 	465
      1 	543 	486
      1 	55 	17
      1 	55 	19
      1 	55 	20
      1 	55 	23
      1 	55 	28
      1 	58 	11
      1 	582 	527
      1 	58 	35
      1 	58 	36
      1 	58 	37
      1 	58 	39
      1 	58 	40
      1 	58 	9
      1 	60 	21
      1 	60 	22
      1 	6 	2
      1 	625 	563
      1 	64 	21
      1 	66 	20
      1 	66 	32
      1 	66 	38
      1 	66 	41
      1 	675 	613
      1 	706 	638
      1 	7 	1
      1 	7 	3
      1 	741 	664
      1 	772 	647
      1 	772 	664
      1 	772 	673
      1 	772 	683
      1 	772 	701
      1 	772 	702
      1 	77 	44
      1 	8 	3
      1 	843 	786
      1 	85 	54
      1 	888 	795
      1 	888 	800
      1 	888 	816
      1 	888 	821
      1 	9 	2
      1 	92 	50
      1 	9 	4
      1 	97 	61
      1 	983 	899
      1 	983 	904
      2 	10 	4
      2 	122 	66
      2 	122 	67
      2 	122 	68
      2 	122 	69
      2 	122 	77
      2 	122 	82
      2 	122 	83
      2 	151 	100
      2 	151 	96
      2 	24 	11
      2 	24 	4
      2 	258 	181
      2 	258 	183
      2 	258 	184
      2 	258 	186
      2 	258 	187
      2 	3 	1
      2 	41 	15
      2 	41 	20
      2 	52 	13
      2 	58 	13
      2 	58 	14
      2 	58 	15
      2 	60 	25
      2 	60 	27
      2 	60 	28
      2 	60 	29
      2 	60 	33
      2 	66 	25
      2 	66 	29
      2 	66 	36
      2 	66 	37
      2 	66 	40
      2 	772 	667
      3 	0 	1
      3 	122 	71
      3 	122 	72
      3 	122 	78
      3 	122 	79
      3 	122 	80
      3 	139 	88
      3 	139 	93
      3 	151 	91
      3 	24 	12
      3 	258 	185
      3 	258 	192
      3 	258 	193
      3 	258 	196
      3 	258 	200
      3 	258 	201
      3 	258 	203
      3 	258 	205
      3 	41 	13
      3 	41 	14
      3 	41 	19
      3 	52 	28
      3 	66 	23
      3 	66 	26
      3 	66 	30
      4 	122 	73
      4 	122 	75
      4 	122 	76
      4 	151 	94
      4 	16 	8
      4 	24 	13
      4 	24 	6
      4 	258 	189
      4 	258 	190
      4 	258 	191
      4 	258 	194
      4 	258 	199
      4 	258 	204
      4 	41 	16
      4 	41 	18
      4 	52 	29
      4 	60 	30
      4 	66 	28
      4 	66 	34
      4 	7 	2
      5 	16 	3
      5 	16 	6
      5 	24 	7
      5 	258 	195
      5 	258 	198
      5 	26 	16
      5 	58 	16
      5 	60 	26
      5 	66 	33
      5 	66 	35
      6 	16 	5
      6 	24 	9
      6 	258 	188
      6 	26 	14
      6 	41 	17
      6 	52 	15
      6 	52 	16
      6 	58 	17
      7 	16 	4
      7 	16 	7
      7 	58 	18
      7 	66 	27
      7 	66 	31
      8 	58 	34
      9 	24 	10
      9 	58 	33
     10 	19 	10
     10 	24 	8
     10 	26 	2
     11 	52 	27
     13 	14 	8
     13 	26 	13
     13 	52 	26
     14 	19 	11
     14 	52 	17
     16 	19 	9
     16 	58 	19
     17 	58 	20
     17 	58 	31
     17 	58 	32
     19 	52 	25
     25 	52 	18
     26 	12 	6
     28 	52 	19
     30 	26 	12
     30 	52 	22
     30 	58 	21
     31 	52 	21
     32 	52 	24
     33 	19 	2
     37 	52 	20
     39 	19 	1
     39 	26 	4
     39 	52 	23
     39 	58 	22
     42 	58 	23
     43 	14 	7
     43 	58 	30
     44 	26 	5
     47 	58 	29
     48 	58 	28
     49 	58 	24
     51 	58 	27
     61 	19 	8
     62 	58 	26
     63 	58 	25
     65 	26 	6
     69 	26 	11
     70 	5 	2
     79 	12 	5
     85 	12 	3
     89 	14 	1
    109 	19 	7
    111 	5 	1
    113 	12 	2
    119 	26 	8
    121 	19 	3
    136 	26 	10
    137 	26 	7
    138 	19 	4
    146 	14 	2
    161 	12 	4
    161 	26 	9
    163 	14 	5
    176 	14 	6
    178 	14 	4
    192 	19 	6
    266 	19 	5
    382 	14 	3
   1356 	2 	1
   3630 	1 	1
