288 0.7369352611130342 (-219.39434610094588, -484.2104876098991)
203 0.7369352611133585 (-219.3943460956256, 484.2104876139214)
113 0.7449846408737665 (426.68513183713253, 376.90666599152115)
378 0.7449846408741688 (426.6851318425258, -376.9066659883629)
252 0.7705360761224819 (-654.0898865920675, -270.2205720903357)
239 0.7705360761226947 (-654.0898865901229, 270.22057209840165)
198 0.7864996263704072 (798.6649098081717, -139.5695805570221)
293 0.7864996263706169 (798.6649098113044, 139.5695805475083)
131 0.8011012731844976 (-610.3781565384501, 685.8504028268815)
360 0.801101273184726 (-610.3781565315526, -685.850402835411)
306 0.8075138715138208 (769.5904821119374, -589.8878606795316)
185 0.8075138715141471 (769.5904821208534, 589.8878606723289)
216 0.8131031428946177 (688.3103523901005, 748.5815959238571)
275 0.8131031428948774 (688.3103523835985, -748.5815959328912)
234 0.8135770775856663 (-572.6529761248134, 845.337665688926)
257 0.8135770775859091 (-572.6529761354806, -845.3376656842496)
180 0.817821268510748 (725.7948514263265, -770.6508608750067)
311 0.8178212685108903 (725.7948514357006, 770.6508608679418)
149 0.8285517308308487 (-866.97317108188, -770.5657654996639)
342 0.8285517308311429 (-866.97317109123, 770.5657654935192)
167 0.8318715136546837 (778.8521859294007, -903.9193004032385)
324 0.8318715136549053 (778.8521859221736, 903.9193004124376)
72 0.85086128149522 (-219.39911687104723, 1385.3564609439788)
419 0.8508612814954545 (-219.39911691709338, -1385.3564609395223)
162 0.8843089354764948 (-736.7458080652906, -1713.1656281161866)
329 0.8843089354765867 (-736.7458080454395, 1713.1656281263106)
54 0.8969506158487784 (1327.523005044359, -1597.172479555565)
437 0.896950615848911 (1327.523005089195, 1597.17247952135)
90 0.9014952719698207 (-1271.0858863632063, -1744.922605160494)
401 0.9014952719700488 (-1271.0858863086755, 1744.9226052054025)
144 0.9259371757329898 (-2546.620870004256, 762.57830023542)
347 0.9259371757331403 (-2546.6208700163957, -762.578300206755)
108 0.9361061459536614 (2693.5693102538094, -1071.3838260708062)
383 0.9361061459541083 (2693.569310310496, 1071.383825958141)
126 0.9428717941875684 (879.9655204689706, 2941.9688648900114)
365 0.9428717941875782 (879.9655204658437, -2941.9688648912106)
36 0.9576076881132913 (-3317.9516300259866, -1053.9932948584678)
455 0.9576076881133295 (-3317.951630003762, 1053.993294932172)
18 0.9899831544018998 (-584.7951594566562, 4549.134020819845)
473 0.9899831544019125 (-584.7951595337117, -4549.134020810446)
