197 0.5001960345860526 (-94.37615418786433, 33.45560633568764)
343 0.5001960345872716 (-94.37615418893246, -33.45560633603888)
483 0.5003937717846816 (-98.48491358697073, -19.0641081060605)
57 0.5003937717871773 (-98.48491358803075, 19.064108112716127)
318 0.5004776766793192 (-13.279087496674721, 99.50852918219121)
222 0.5004776766802206 (-13.279087498701536, -99.50852918276146)
96 0.5015437031181794 (-54.90924576493867, -85.22380422516048)
444 0.5015437031193359 (-54.90924576437356, 85.22380422680911)
220 0.5018519607922327 (-31.441844892043157, 96.68533773181738)
320 0.501851960793457 (-31.441844891591746, -96.68533773316953)
278 0.5033832870390944 (102.80142162998456, 8.012953686327359)
262 0.5033832870394571 (102.80142163019934, -8.0129536880044)
53 0.5040131495993163 (60.83414945127032, 83.9976936487654)
487 0.5040131495999175 (60.83414944743054, -83.9976936522552)
188 0.5045859270128844 (67.86595926147272, -79.14983589530114)
352 0.5045859270132794 (67.86595926216582, 79.14983589520652)
250 0.5047953893067259 (38.345722795664265, 97.17052038792414)
290 0.5047953893077766 (38.34572279286328, -97.17052039011612)
249 0.5079907162340764 (77.89774329252275, 74.20217518461114)
291 0.5079907162342593 (77.89774328691996, -74.20217519075557)
500 0.5082367935699594 (-107.80337048181592, -2.24319134375213)
40 0.5082367935703062 (-107.80337048212282, 2.243191345554395)
338 0.5084635395132288 (-23.563283123017644, 105.45154665453784)
202 0.5084635395140045 (-23.563283124442556, -105.45154665501038)
323 0.5095369634648869 (-105.15637640324358, 29.16372109923382)
217 0.5095369634662469 (-105.1563764067893, -29.163721091563275)
512 0.5100663827398272 (-108.4374500609917, 16.321601001146878)
28 0.5100663827410243 (-108.43745006247285, -16.321600999429293)
219 0.5108285087779412 (-43.6278263828488, -101.44791063796394)
321 0.5108285087794218 (-43.62782638158152, 101.44791064014802)
8 0.5114776561620129 (-78.38171907937706, 78.72773738137187)
532 0.5114776561625352 (-78.38171907924648, -78.72773738225582)
471 0.5117361318804311 (27.960319459897335, -107.79085080549027)
69 0.5117361318805248 (27.96031946017578, 107.7908508055174)
302 0.5127008787224802 (97.83657269677813, 55.23561373988097)
238 0.5127008787250087 (97.83657269671342, -55.23561374531722)
101 0.5145334415119652 (-86.36071285880662, -74.82068824536557)
439 0.5145334415132253 (-86.3607128600868, 74.82068824591293)
272 0.5145604889697001 (-109.95649145510832, -31.18307383512366)
268 0.5145604889700304 (-109.9564914551135, 31.183073836379176)
169 0.514797202976482 (-112.96962709485031, 18.914416167621713)
371 0.5147972029777061 (-112.9696270962871, -18.91441616685957)
468 0.5148449030599616 (-16.045896228172925, -113.46344275190302)
72 0.5148449030605772 (-16.045896225375028, 113.4634427529548)
52 0.5155225493824299 (112.85967400332392, 23.64408203252301)
488 0.515522549383291 (112.85967400339734, -23.644082036632177)
232 0.518212256137477 (117.89262575342819, 8.5427865906001)
308 0.5182122561378891 (117.89262575370293, -8.542786593015187)
51 0.5209418999429478 (120.50397979018953, -13.070728233312062)
489 0.5209418999442877 (120.50397979253039, 13.070728225602233)
212 0.5217671009974467 (20.60346831678882, 120.38505730651141)
328 0.5217671009976509 (20.60346831133857, -120.3850573076772)
185 0.522172326281481 (35.93659654469771, -117.20656638513188)
355 0.5221723262826988 (35.93659655188718, 117.20656638436562)
218 0.5223455213129398 (79.91620999533873, -93.22143741015257)
322 0.5223455213142935 (79.91621000132722, 93.22143740703511)
274 0.5226678044021633 (-61.58362757088046, -106.64922185976555)
266 0.5226678044026002 (-61.5836275687909, 106.64922186154425)
486 0.5236428024322967 (122.39105631801934, -21.49078419759079)
54 0.5236428024332418 (122.3910563192939, 21.490784196586315)
265 0.5236867653053672 (-119.70230644921877, 33.545355503487684)
275 0.5236867653058108 (-119.70230644956477, -33.545355504135394)
346 0.5237210383756403 (110.76057941682235, 56.53128067417168)
194 0.5237210383769916 (110.76057941568195, -56.53128067980998)
1 0.5270885261183178 (39.26238064881691, 122.11329624756348)
539 0.527088526118988 (39.262380646406285, -122.11329624917008)
286 0.5271735725689252 (49.92156690920287, -118.26589534155042)
254 0.5271735725706469 (49.92156691302988, 118.26589534214436)
504 0.5274960860053756 (-19.452653307939844, 127.27434970288289)
36 0.5274960860071773 (-19.45265330712547, -127.27434970516875)
215 0.5294456137243513 (105.29087345098507, 78.08368715573222)
325 0.5294456137243642 (105.29087345059119, -78.08368715628961)
310 0.5297252863533891 (83.97062206332468, 101.09850393151379)
230 0.5297252863534909 (83.97062206496798, -101.09850393030922)
195 0.5321381253062285 (133.23189559696158, -17.49673567968966)
345 0.5321381253070245 (133.23189559816902, 17.496735678061196)
534 0.5376245969374376 (-121.45344367290532, -72.29127681622084)
6 0.5376245969384101 (-121.45344367249979, 72.29127681937715)
4 0.5390779331212557 (117.74130915589845, 81.58386801531343)
536 0.5390779331235732 (117.74130915535875, -81.58386802145996)
450 0.5391045361564794 (-129.00000000005298, 62.353829072024446)
90 0.5391045361565028 (-129.00000000030965, -62.353829071564476)
342 0.5400441985446797 (142.12967683313445, -26.202096161557)
198 0.5400441985451971 (142.12967683418134, 26.202096159677524)
225 0.5403442550863747 (-48.49742261092754, -136.56921938166687)
315 0.5403442550864792 (-48.49742261218945, 136.5692193813667)
243 0.5423665756372339 (121.38374682984869, 84.0608473323934)
297 0.5423665756383361 (121.38374682902219, -84.06084733621938)
23 0.5424010941331533 (-146.87357512416526, 15.564628303252952)
517 0.5424010941345402 (-146.87357512591453, -15.564628304646748)
518 0.543403578799145 (-135.25333397880436, 62.66711485071347)
22 0.543403578801614 (-135.25333398511054, -62.66711484516508)
247 0.5456602223312524 (75.59318839434258, 132.0959934713933)
293 0.545660222331444 (75.59318838987194, -132.0959934742608)
33 0.5472865377137434 (-92.78415611583434, -123.52787971396103)
507 0.5472865377137668 (-92.78415611363988, 123.52787971565105)
531 0.5475393585059475 (-57.38043428557471, -143.82950370656906)
9 0.5475393585086359 (-57.38043427896363, 143.82950371333445)
26 0.5492373892990541 (-135.25284422295752, -80.29899242522013)
514 0.5492373892996809 (-135.252844221724, 80.29899242907656)
522 0.5506428466633507 (151.03033650374982, -50.79299283855319)
18 0.5506428466647645 (151.0303365077683, 50.79299283311273)
469 0.5514331967423235 (-26.37183831744812, -158.32538931319007)
71 0.551433196743033 (-26.371838310928077, 158.32538931533946)
203 0.5557504805701211 (-166.85118040365012, 7.438516243026479)
337 0.5557504805724169 (-166.8511804075347, -7.438516235177002)
229 0.5579190830621049 (141.86281216131698, -94.37336401305735)
311 0.5579190830633097 (141.86281216725794, 94.37336400753999)
228 0.5624909851644736 (28.71228257501734, -175.37834439981236)
312 0.5624909851656311 (28.712282582159563, 175.3783444005626)
27 0.5804867988976793 (-149.50835862630726, -147.1084448046605)
513 0.5804867988978015 (-149.50835862285157, 147.10844480850938)
214 0.5836595930340106 (-58.51924640457033, 207.88621384824322)
326 0.5836595930340298 (-58.51924641397551, -207.8862138456357)
248 0.5865318871261851 (85.39402991658957, 204.65330431584252)
292 0.5865318871263988 (85.39402990343805, -204.65330432180306)
533 0.5972930548977461 (18.91546710772721, -244.12537963387194)
7 0.5972930548981442 (18.915467112362066, 244.12537963441318)
369 0.6378215743971684 (214.3101514959669, -283.8135425426877)
171 0.6378215743974017 (214.31015149758795, 283.8135425424214)
392 0.6791557335650175 (-24.536161490635408, -519.8099128041274)
148 0.6791557335673123 (-24.53616148345205, 519.8099128154764)
73 0.6977134530096784 (-614.9469501497889, -54.72624497335534)
467 0.6977134530125786 (-614.9469501646479, 54.72624499241206)
246 0.835636470344478 (1029.3315017966531, -1942.97005220292)
294 0.8356364703454697 (1029.3315017807863, 1942.9700522340543)
417 0.8535414939136978 (404.91202378011684, -2561.1453812633777)
123 0.853541493913701 (404.91202378329444, 2561.14538126295)
442 0.8706641466946238 (3008.0920675294187, 409.48858461829263)
98 0.8706641466948764 (3008.0920675415896, -409.4885845812055)
25 0.9057186499880385 (-375.3499266607925, 4175.741239806747)
515 0.905718649989376 (-375.3499265654346, -4175.741239867164)
196 0.9193276419714349 (-810.7021265993675, 4682.720629366757)
344 0.9193276419721422 (-810.7021266792884, -4682.720629384336)
221 0.9741546188910715 (-7741.471072159591, -1438.5547650363962)
319 0.9741546188912089 (-7741.471072187735, 1438.5547649394791)
