      1 	102
      1 	1020
      1 	1021
      1 	1033
      1 	105
      1 	108
      1 	111
      1 	1127
      1 	1142
      1 	1204
      1 	133
      1 	1365
      1 	169
      1 	1739
      1 	174
      1 	175
      1 	177
      1 	1784
      1 	179
      1 	182
      1 	197
      1 	202
      1 	208
      1 	209
      1 	211
      1 	216
      1 	223
      1 	224
      1 	2250
      1 	2275
      1 	239
      1 	2489
      1 	287
      1 	2924
      1 	2967
      1 	38
      1 	39
      1 	41
      1 	44
      1 	465
      1 	486
      1 	49
      1 	50
      1 	527
      1 	54
      1 	563
      1 	61
      1 	613
      1 	63
      1 	638
      1 	64
      1 	647
      1 	673
      1 	683
      1 	70
      1 	701
      1 	702
      1 	74
      1 	786
      1 	795
      1 	800
      1 	81
      1 	816
      1 	821
      1 	85
      1 	86
      1 	899
      1 	90
      1 	904
      1 	92
      1 	939
      1 	98
      1 	99
      2 	181
      2 	183
      2 	184
      2 	186
      2 	187
      2 	62
      2 	66
      2 	664
      2 	667
      2 	67
      2 	68
      2 	69
      2 	77
      2 	82
      2 	87
      2 	96
      3 	185
      3 	192
      3 	193
      3 	196
      3 	200
      3 	201
      3 	203
      3 	205
      3 	36
      3 	37
      3 	40
      3 	71
      3 	79
      3 	80
      3 	83
      3 	84
      3 	88
      3 	93
      4 	100
      4 	189
      4 	190
      4 	191
      4 	194
      4 	199
      4 	204
      4 	72
      4 	73
      4 	75
      4 	78
      5 	195
      5 	198
      5 	76
      5 	91
      5 	94
      6 	188
      6 	35
     11 	14
     12 	15
     12 	34
     17 	33
     18 	32
     20 	16
     24 	31
     25 	13
     28 	17
     33 	12
     36 	18
     48 	19
     51 	30
     55 	29
     58 	20
     58 	28
     64 	21
     70 	22
     71 	27
     81 	24
     84 	26
     86 	23
     86 	25
     88 	11
    157 	10
    184 	9
    210 	8
    302 	7
    381 	2
    470 	6
    529 	4
    561 	5
    597 	3
   5231 	1
