0 793.2368421052631
1 798.8157894736842
2 784.6052631578947
3 800.1315789473684
4 793.1578947368421
5 806.4736842105264
6 801.5526315789474
7 806.921052631579
8 804.7105263157895
9 802.1447368421053
10 808.5263157894736
11 794.9078947368421
12 779.3421052631579
13 798.6578947368421
14 781.328947368421
15 796.1052631578947
16 792.1973684210526
17 779.7763157894736
18 795.75
19 786.8421052631579
20 800.921052631579
21 790.6447368421053
22 787.2236842105264
23 790.1842105263158
24 785.4473684210526
25 790.1052631578947
26 775.4868421052631
27 762.1842105263158
28 780.8684210526316
29 765.4473684210526
30 781.6052631578947
31 779.6578947368421
32 769.6315789473684
33 777.75
34 772.671052631579
35 782.1184210526316
36 765.1184210526316
37 760.0526315789474
38 771.4868421052631
39 754.1052631578947
40 763.6052631578947
41 760.5394736842105
42 743.9473684210526
43 757.578947368421
44 749.2236842105264
45 762.2105263157895
46 754.9473684210526
47 751.328947368421
48 758.2368421052631
49 747.921052631579
50 754.171052631579
51 739.2368421052631
52 730.2631578947369
53 740.1447368421053
54 730.8684210526316
55 738.4605263157895
56 734.078947368421
57 730.8815789473684
58 735.578947368421
59 730.7763157894736
60 743.078947368421
61 728.7236842105264
62 716.5657894736842
63 729.7763157894736
64 712.1447368421053
65 721.6578947368421
66 714.3552631578947
67 701.7894736842105
68 713.2368421052631
69 707.25
70 716.9473684210526
71 710.328947368421
72 702.671052631579
73 710.0263157894736
74 704.8157894736842
75 709.6447368421053
76 695.4736842105264
77 681.2236842105264
78 694.0
79 677.8026315789474
80 690.8421052631579
81 684.8421052631579
82 680.9078947368421
83 686.1578947368421
84 685.4868421052631
85 692.671052631579
86 677.4605263157895
87 669.0131578947369
88 677.2631578947369
89 663.5263157894736
90 669.4078947368421
91 666.2894736842105
92 652.0131578947369
93 661.6842105263158
94 656.3947368421053
95 669.0657894736842
96 656.8026315789474
97 652.5131578947369
98 657.671052631579
99 649.6184210526316
100 652.078947368421
101 640.4868421052631
102 632.7105263157895
103 637.921052631579
104 627.6447368421053
105 639.7763157894736
106 630.6184210526316
107 620.75
108 630.6315789473684
109 625.7763157894736
110 631.5657894736842
111 620.6315789473684
112 614.171052631579
113 620.2236842105264
114 605.6973684210526
115 612.0
116 608.1842105263158
117 592.6052631578947
118 601.7763157894736
119 597.9605263157895
120 607.7631578947369
121 596.6842105263158
122 590.4736842105264
123 593.4078947368421
124 585.4078947368421
125 587.9736842105264
126 576.9868421052631
127 571.7894736842105
128 577.7763157894736
129 566.171052631579
130 578.8815789473684
131 570.0131578947369
132 559.3157894736842
133 566.6447368421053
134 559.9342105263158
135 562.8947368421053
136 554.8421052631579
137 547.0526315789474
138 553.4736842105264
139 541.2763157894736
140 546.1052631578947
141 541.8421052631579
142 530.6052631578947
143 534.9736842105264
144 531.1052631578947
145 538.2236842105264
146 527.9868421052631
147 522.1578947368421
148 526.328947368421
149 515.9078947368421
150 519.7763157894736
151 511.8157894736842
152 504.0657894736842
153 510.2236842105263
154 500.92105263157896
155 508.2894736842105
156 501.2368421052632
157 492.19736842105266
158 498.0263157894737
159 490.5657894736842
160 496.0657894736842
161 485.5657894736842
162 478.14473684210526
163 482.0657894736842
164 474.7368421052632
165 474.67105263157896
166 472.25
167 463.2631578947368
168 467.55263157894734
169 462.7105263157895
170 469.7631578947368
171 457.57894736842104
172 451.6578947368421
173 454.75
174 446.0
175 448.8157894736842
176 443.0394736842105
177 437.6578947368421
178 441.6578947368421
179 432.55263157894734
180 438.8421052631579
181 429.9605263157895
182 418.82894736842104
183 427.35526315789474
184 420.07894736842104
185 423.5131578947368
186 416.2894736842105
187 411.0657894736842
188 412.0263157894737
189 404.67105263157896
190 405.4868421052632
191 402.5263157894737
192 394.5394736842105
193 397.6578947368421
194 394.38157894736844
195 396.9342105263158
196 387.75
197 381.57894736842104
198 383.85526315789474
199 375.2894736842105
200 380.2236842105263
201 373.0263157894737
202 369.25
203 372.5921052631579
204 362.5131578947368
205 368.5263157894737
206 361.0131578947368
207 352.82894736842104
208 356.2368421052632
209 352.38157894736844
210 350.92105263157896
211 346.85526315789474
212 338.80263157894734
213 342.4078947368421
214 334.1842105263158
215 338.0657894736842
216 332.2105263157895
217 326.82894736842104
218 328.4868421052632
219 324.5263157894737
220 326.69736842105266
221 320.0263157894737
222 314.14473684210526
223 316.5
224 308.6578947368421
225 310.61842105263156
226 304.9736842105263
227 297.5
228 300.75
229 295.2894736842105
230 297.80263157894734
231 292.14473684210526
232 286.7105263157895
233 289.6842105263158
234 283.5394736842105
235 285.8157894736842
236 280.80263157894734
237 274.2105263157895
238 274.7368421052632
239 270.85526315789474
240 270.92105263157896
241 264.92105263157896
242 260.6578947368421
243 263.3157894736842
244 259.4736842105263
245 261.0657894736842
246 256.2368421052632
247 252.5
248 251.4078947368421
249 244.76315789473685
250 248.14473684210526
251 240.60526315789474
252 236.4078947368421
253 238.32894736842104
254 234.10526315789474
255 236.3421052631579
256 233.19736842105263
257 226.9078947368421
258 229.60526315789474
259 223.25
260 225.77631578947367
261 220.64473684210526
262 215.26315789473685
263 216.53947368421052
264 212.19736842105263
265 212.52631578947367
266 209.80263157894737
267 205.56578947368422
268 204.82894736842104
269 204.8815789473684
270 204.72368421052633
271 201.18421052631578
272 200.6184210526316
273 197.64473684210526
274 189.47368421052633
275 193.98684210526315
276 188.1578947368421
277 189.6184210526316
278 187.30263157894737
279 183.69736842105263
280 184.26315789473685
281 179.96052631578948
282 181.94736842105263
283 176.82894736842104
284 173.9078947368421
285 174.73684210526315
286 173.18421052631578
287 171.22368421052633
288 167.28947368421052
289 165.30263157894737
290 164.72368421052633
291 159.35526315789474
292 162.77631578947367
293 161.27631578947367
294 154.75
295 156.0
296 154.9078947368421
297 153.44736842105263
298 148.28947368421052
299 147.76315789473685
300 148.52631578947367
301 144.27631578947367
302 143.9078947368421
303 142.6315789473684
304 138.5921052631579
305 137.56578947368422
306 135.46052631578948
307 138.05263157894737
308 132.1578947368421
309 129.72368421052633
310 131.01315789473685
311 128.01315789473685
312 126.82894736842105
313 125.26315789473684
314 122.07894736842105
315 121.44736842105263
316 120.11842105263158
317 119.9342105263158
318 116.76315789473684
319 112.35526315789474
320 112.96052631578948
321 109.75
322 111.32894736842105
323 108.85526315789474
324 104.65789473684211
325 105.53947368421052
326 103.25
327 103.52631578947368
328 99.27631578947368
329 97.9342105263158
330 98.30263157894737
331 94.28947368421052
332 93.25
333 92.42105263157895
334 88.4342105263158
335 87.85526315789474
336 87.4342105263158
337 87.19736842105263
338 83.92105263157895
339 83.17105263157895
340 82.28947368421052
341 78.73684210526316
342 78.77631578947368
343 77.53947368421052
344 74.27631578947368
345 73.34210526315789
346 71.80263157894737
347 71.25
348 67.98684210526316
349 67.86842105263158
350 66.98684210526316
351 64.59210526315789
352 63.71052631578947
353 64.10526315789474
354 59.14473684210526
355 59.28947368421053
356 57.43421052631579
357 57.14473684210526
358 53.36842105263158
359 54.03947368421053
360 53.23684210526316
361 49.94736842105263
362 50.23684210526316
363 49.89473684210526
364 46.776315789473685
365 45.9078947368421
366 44.5921052631579
367 44.328947368421055
368 41.69736842105263
369 39.75
370 40.76315789473684
371 38.69736842105263
372 37.30263157894737
373 38.18421052631579
374 36.26315789473684
375 35.276315789473685
376 33.38157894736842
377 32.828947368421055
378 31.61842105263158
379 30.11842105263158
380 29.644736842105264
381 29.0
382 28.223684210526315
383 26.460526315789473
384 26.355263157894736
385 25.88157894736842
386 23.986842105263158
387 24.605263157894736
388 22.94736842105263
389 21.763157894736842
390 21.355263157894736
391 20.32894736842105
392 18.789473684210527
393 19.07894736842105
394 18.19736842105263
395 17.894736842105264
396 16.986842105263158
397 16.605263157894736
398 16.06578947368421
399 14.421052631578947
400 14.973684210526315
401 14.894736842105264
402 13.368421052631579
403 12.907894736842104
404 13.328947368421053
405 12.394736842105264
406 11.460526315789474
407 11.592105263157896
408 11.118421052631579
409 9.723684210526315
410 10.157894736842104
411 9.947368421052632
412 9.447368421052632
413 8.289473684210526
414 8.81578947368421
415 8.052631578947368
416 8.026315789473685
417 7.7105263157894735
418 7.723684210526316
419 6.7368421052631575
420 7.105263157894737
421 6.578947368421052
422 6.197368421052632
423 5.894736842105263
424 6.0131578947368425
425 5.342105263157895
426 5.276315789473684
427 5.25
428 4.973684210526316
429 4.4605263157894735
430 4.684210526315789
431 4.631578947368421
432 4.0394736842105265
433 4.0
434 4.144736842105263
435 3.8026315789473686
436 3.8289473684210527
437 3.9078947368421053
438 3.8026315789473686
439 3.263157894736842
440 3.3026315789473686
441 3.0
442 3.1842105263157894
443 3.0526315789473686
444 2.986842105263158
445 3.0526315789473686
446 2.9078947368421053
447 2.75
448 2.736842105263158
449 2.6842105263157894
450 2.276315789473684
451 2.3157894736842106
452 2.210526315789474
453 2.1447368421052633
454 2.039473684210526
455 2.1447368421052633
456 2.1447368421052633
457 2.0921052631578947
458 1.7763157894736843
459 1.881578947368421
460 1.855263157894737
461 1.881578947368421
462 1.7236842105263157
463 1.7894736842105263
464 1.6578947368421053
465 1.855263157894737
466 1.618421052631579
467 1.486842105263158
468 1.394736842105263
469 1.4736842105263157
470 1.3026315789473684
471 1.5394736842105263
472 1.4736842105263157
473 1.5657894736842106
474 1.2894736842105263
475 1.5
476 1.368421052631579
477 1.236842105263158
478 1.118421052631579
479 1.3289473684210527
480 1.0789473684210527
481 1.118421052631579
482 1.25
483 1.1710526315789473
484 1.144736842105263
485 1.0526315789473684
486 1.0921052631578947
487 0.9210526315789473
488 1.105263157894737
489 0.9868421052631579
490 0.9473684210526315
491 0.8947368421052632
492 0.9605263157894737
493 1.0657894736842106
494 0.9078947368421053
495 1.0921052631578947
496 0.8289473684210527
497 0.9868421052631579
498 0.9210526315789473
499 0.9078947368421053
500 0.7763157894736842
501 0.9473684210526315
502 0.8552631578947368
503 0.9078947368421053
504 0.8157894736842105
505 0.868421052631579
506 0.7894736842105263
507 0.9473684210526315
508 0.881578947368421
509 0.9342105263157895
510 0.9210526315789473
511 0.881578947368421
512 0.6973684210526315
513 0.7763157894736842
514 0.7894736842105263
515 0.6052631578947368
516 0.881578947368421
517 0.6973684210526315
518 0.8026315789473685
519 0.6052631578947368
520 0.7368421052631579
521 0.7894736842105263
522 0.6710526315789473
523 0.7368421052631579
524 0.7763157894736842
525 0.6578947368421053
526 0.5657894736842105
527 0.6973684210526315
528 0.5263157894736842
529 0.6710526315789473
530 0.631578947368421
531 0.6578947368421053
532 0.6973684210526315
533 0.7631578947368421
534 0.6447368421052632
535 0.618421052631579
536 0.5921052631578947
537 0.5921052631578947
538 0.631578947368421
539 0.6578947368421053
540 0.5789473684210527
541 0.32894736842105265
542 0.47368421052631576
543 0.5526315789473685
544 0.5657894736842105
545 0.5131578947368421
546 0.5789473684210527
547 0.47368421052631576
548 0.5789473684210527
549 0.47368421052631576
550 0.4342105263157895
551 0.4342105263157895
552 0.5657894736842105
553 0.47368421052631576
554 0.4605263157894737
555 0.5
556 0.3815789473684211
557 0.35526315789473684
558 0.3684210526315789
559 0.4605263157894737
560 0.3157894736842105
561 0.35526315789473684
562 0.40789473684210525
563 0.34210526315789475
564 0.25
565 0.32894736842105265
566 0.5131578947368421
567 0.23684210526315788
568 0.4342105263157895
569 0.34210526315789475
570 0.3815789473684211
571 0.2894736842105263
572 0.34210526315789475
573 0.23684210526315788
574 0.2631578947368421
575 0.27631578947368424
576 0.3026315789473684
577 0.2894736842105263
578 0.32894736842105265
579 0.2631578947368421
580 0.3157894736842105
581 0.25
582 0.23684210526315788
583 0.21052631578947367
584 0.2236842105263158
585 0.14473684210526316
586 0.15789473684210525
587 0.15789473684210525
588 0.18421052631578946
589 0.23684210526315788
590 0.15789473684210525
591 0.23684210526315788
592 0.14473684210526316
593 0.17105263157894737
594 0.18421052631578946
595 0.11842105263157894
596 0.15789473684210525
597 0.19736842105263158
598 0.09210526315789473
599 0.15789473684210525
600 0.18421052631578946
601 0.11842105263157894
602 0.09210526315789473
603 0.11842105263157894
604 0.10526315789473684
605 0.09210526315789473
606 0.09210526315789473
607 0.13157894736842105
608 0.06578947368421052
609 0.05263157894736842
610 0.10526315789473684
611 0.13157894736842105
612 0.05263157894736842
613 0.09210526315789473
614 0.039473684210526314
615 0.05263157894736842
616 0.05263157894736842
617 0.05263157894736842
618 0.039473684210526314
619 0.02631578947368421
620 0.02631578947368421
621 0.05263157894736842
622 0.02631578947368421
623 0.05263157894736842
624 0.013157894736842105
625 0.02631578947368421
626 0.039473684210526314
627 0.039473684210526314
628 0.0
629 0.02631578947368421
630 0.013157894736842105
631 0.02631578947368421
632 0.013157894736842105
633 0.039473684210526314
634 0.0
635 0.0
636 0.013157894736842105
637 0.0
638 0.0
639 0.02631578947368421
640 0.013157894736842105
641 0.013157894736842105
642 0.0
643 0.0
644 0.013157894736842105
645 0.0
646 0.013157894736842105
647 0.0
648 0.02631578947368421
649 0.0
650 0.0
651 0.0
652 0.0
653 0.0
654 0.0
655 0.0
656 0.0
657 0.0
658 0.0
659 0.0
660 0.013157894736842105
661 0.0
662 0.0
663 0.0
664 0.0
665 0.0
666 0.0
667 0.0
668 0.0
669 0.0
670 0.0
671 0.013157894736842105
672 0.013157894736842105
673 0.0
674 0.013157894736842105
675 0.0
676 0.0
677 0.0
678 0.013157894736842105
679 0.0
680 0.0
681 0.0
682 0.0
683 0.0
684 0.0
685 0.0
686 0.0
687 0.0
688 0.013157894736842105
689 0.0
690 0.0
691 0.0
692 0.0
693 0.0
694 0.0
695 0.0
696 0.0
697 0.0
698 0.0
699 0.0
700 0.0
701 0.0
702 0.0
703 0.0
704 0.0
705 0.0
706 0.0
707 0.0
708 0.0
709 0.0
710 0.0
711 0.0
712 0.0
713 0.0
714 0.0
715 0.0
716 0.013157894736842105
717 0.0
718 0.013157894736842105
719 0.0
720 0.0
721 0.0
722 0.0
723 0.0
724 0.0
725 0.0
726 0.0
727 0.0
728 0.0
729 0.0
730 0.0
731 0.0
732 0.0
733 0.013157894736842105
734 0.0
735 0.0
736 0.0
737 0.0
738 0.013157894736842105
739 0.0
740 0.0
741 0.0
742 0.0
743 0.0
744 0.0
745 0.0
746 0.0
747 0.0
748 0.0
749 0.0
750 0.0
751 0.0
752 0.0
753 0.0
754 0.0
755 0.0
756 0.013157894736842105
757 0.0
758 0.013157894736842105
759 0.0
760 0.0
761 0.013157894736842105
762 0.013157894736842105
763 0.0
764 0.0
765 0.0
766 0.0
767 0.0
768 0.0
769 0.0
770 0.0
771 0.0
772 0.0
773 0.0
774 0.0
775 0.0
776 0.013157894736842105
777 0.0
778 0.013157894736842105
779 0.0
780 0.013157894736842105
781 0.013157894736842105
782 0.02631578947368421
783 0.0
784 0.013157894736842105
785 0.0
786 0.0
787 0.0
788 0.0
789 0.0
790 0.0
791 0.0
792 0.013157894736842105
793 0.02631578947368421
794 0.013157894736842105
795 0.013157894736842105
796 0.02631578947368421
797 0.02631578947368421
798 0.02631578947368421
799 0.013157894736842105
800 0.02631578947368421
801 0.05263157894736842
802 0.013157894736842105
803 0.013157894736842105
804 0.039473684210526314
805 0.0
806 0.05263157894736842
807 0.02631578947368421
808 0.05263157894736842
809 0.039473684210526314
810 0.039473684210526314
811 0.039473684210526314
812 0.07894736842105263
813 0.10526315789473684
814 0.07894736842105263
815 0.07894736842105263
816 0.10526315789473684
817 0.15789473684210525
818 0.13157894736842105
819 0.07894736842105263
820 0.06578947368421052
821 0.10526315789473684
822 0.13157894736842105
823 0.09210526315789473
824 0.09210526315789473
825 0.05263157894736842
826 0.18421052631578946
827 0.11842105263157894
828 0.18421052631578946
829 0.2236842105263158
830 0.21052631578947367
831 0.18421052631578946
832 0.17105263157894737
833 0.2894736842105263
834 0.21052631578947367
835 0.18421052631578946
836 0.3026315789473684
837 0.35526315789473684
838 0.3157894736842105
839 0.32894736842105265
840 0.25
841 0.3026315789473684
842 0.40789473684210525
843 0.23684210526315788
844 0.35526315789473684
845 0.2894736842105263
846 0.4342105263157895
847 0.34210526315789475
848 0.42105263157894735
849 0.4342105263157895
850 0.5
851 0.4473684210526316
852 0.4342105263157895
853 0.6052631578947368
854 0.42105263157894735
855 0.618421052631579
856 0.6052631578947368
857 0.618421052631579
858 0.5657894736842105
859 0.7368421052631579
860 0.5789473684210527
861 0.7631578947368421
862 0.6842105263157895
863 0.5789473684210527
864 0.75
865 0.631578947368421
866 0.7105263157894737
867 0.7763157894736842
868 0.8026315789473685
869 0.6447368421052632
870 0.881578947368421
871 1.0
872 0.9078947368421053
873 0.9605263157894737
874 1.144736842105263
875 1.118421052631579
876 1.1973684210526316
877 1.2894736842105263
878 1.2236842105263157
879 1.3421052631578947
880 1.2763157894736843
881 1.3157894736842106
882 1.3026315789473684
883 1.4078947368421053
884 1.394736842105263
885 1.4210526315789473
886 1.5263157894736843
887 1.5526315789473684
888 1.7105263157894737
889 1.8289473684210527
890 1.8421052631578947
891 2.026315789473684
892 2.1315789473684212
893 2.1842105263157894
894 1.986842105263158
895 2.1578947368421053
896 2.3684210526315788
897 2.4473684210526314
898 2.3684210526315788
899 2.6315789473684212
900 2.6447368421052633
901 2.9342105263157894
902 2.8552631578947367
903 2.973684210526316
904 3.1710526315789473
905 3.5789473684210527
906 3.5526315789473686
907 3.6973684210526314
908 4.118421052631579
909 3.9473684210526314
910 4.0131578947368425
911 4.381578947368421
912 4.815789473684211
913 4.631578947368421
914 4.973684210526316
915 5.157894736842105
916 5.618421052631579
917 5.894736842105263
918 5.315789473684211
919 6.421052631578948
920 6.223684210526316
921 7.315789473684211
922 6.973684210526316
923 7.4605263157894735
924 7.671052631578948
925 8.605263157894736
926 8.68421052631579
927 9.131578947368421
928 9.460526315789474
929 9.605263157894736
930 10.328947368421053
931 10.25
932 10.828947368421053
933 10.960526315789474
934 12.197368421052632
935 11.868421052631579
936 13.460526315789474
937 13.56578947368421
938 14.697368421052632
939 14.736842105263158
940 15.526315789473685
941 16.763157894736842
942 16.5
943 16.657894736842106
944 18.44736842105263
945 18.5
946 18.42105263157895
947 20.486842105263158
948 20.539473684210527
949 21.67105263157895
950 22.88157894736842
951 23.486842105263158
952 23.907894736842106
953 25.236842105263158
954 26.13157894736842
955 25.763157894736842
956 27.43421052631579
957 28.19736842105263
958 28.88157894736842
959 30.473684210526315
960 30.973684210526315
961 32.6578947368421
962 34.28947368421053
963 33.171052631578945
964 35.96052631578947
965 36.43421052631579
966 37.96052631578947
967 37.60526315789474
968 39.75
969 40.03947368421053
970 42.13157894736842
971 42.69736842105263
972 43.776315789473685
973 45.1578947368421
974 46.31578947368421
975 48.26315789473684
976 49.46052631578947
977 49.46052631578947
978 49.723684210526315
979 53.421052631578945
980 51.85526315789474
981 55.078947368421055
982 57.30263157894737
983 57.5921052631579
984 58.68421052631579
985 61.05263157894737
986 63.0921052631579
987 62.723684210526315
988 64.60526315789474
989 66.23684210526316
990 66.52631578947368
991 68.17105263157895
992 69.64473684210526
993 68.77631578947368
994 73.14473684210526
995 72.5
996 77.09210526315789
997 76.84210526315789
998 78.0657894736842
999 82.3157894736842
1000 82.25
1001 82.57894736842105
1002 84.44736842105263
1003 85.57894736842105
1004 86.63157894736842
1005 89.10526315789474
1006 91.0
1007 91.15789473684211
1008 93.71052631578948
1009 96.52631578947368
1010 96.13157894736842
1011 101.88157894736842
1012 99.34210526315789
1013 102.3157894736842
1014 104.63157894736842
1015 104.03947368421052
1016 107.67105263157895
1017 109.52631578947368
1018 107.94736842105263
1019 112.27631578947368
1020 115.23684210526316
1021 115.5657894736842
1022 117.65789473684211
1023 117.05263157894737
1024 121.64473684210526
1025 119.4342105263158
1026 125.60526315789474
1027 124.42105263157895
1028 125.77631578947368
1029 129.07894736842104
1030 129.10526315789474
1031 134.72368421052633
1032 134.56578947368422
1033 133.4078947368421
1034 138.64473684210526
1035 139.07894736842104
1036 141.96052631578948
1037 145.80263157894737
1038 141.26315789473685
1039 147.19736842105263
1040 147.18421052631578
1041 151.42105263157896
1042 149.60526315789474
1043 155.3421052631579
1044 155.85526315789474
1045 157.47368421052633
1046 162.96052631578948
1047 161.0921052631579
1048 161.93421052631578
1049 167.19736842105263
1050 168.01315789473685
1051 171.64473684210526
1052 173.47368421052633
1053 171.05263157894737
1054 177.30263157894737
1055 176.69736842105263
1056 183.26315789473685
1057 180.98684210526315
1058 184.55263157894737
1059 186.3815789473684
1060 187.25
1061 194.78947368421052
1062 191.9078947368421
1063 193.56578947368422
1064 198.48684210526315
1065 198.98684210526315
1066 203.56578947368422
1067 206.52631578947367
1068 202.73684210526315
1069 210.17105263157896
1070 208.9078947368421
1071 214.4078947368421
1072 216.39473684210526
1073 215.6578947368421
1074 221.1315789473684
1075 221.1184210526316
1076 227.69736842105263
1077 228.68421052631578
1078 229.22368421052633
1079 231.8421052631579
1080 234.78947368421052
1081 240.27631578947367
1082 240.32894736842104
1083 244.10526315789474
1084 247.48684210526315
1085 243.02631578947367
1086 253.76315789473685
1087 251.1578947368421
1088 261.0263157894737
1089 259.36842105263156
1090 257.2894736842105
1091 265.07894736842104
1092 264.63157894736844
1093 273.2631578947368
1094 269.67105263157896
1095 274.9736842105263
1096 276.05263157894734
1097 279.11842105263156
1098 283.86842105263156
1099 285.1842105263158
1100 280.5
1101 291.94736842105266
1102 290.75
1103 297.11842105263156
1104 299.07894736842104
1105 297.75
1106 304.36842105263156
1107 301.86842105263156
1108 312.9342105263158
1109 310.25
1110 313.0657894736842
1111 317.6842105263158
1112 320.69736842105266
1113 325.13157894736844
1114 324.63157894736844
1115 323.05263157894734
1116 331.11842105263156
1117 329.85526315789474
1118 339.14473684210526
1119 338.6842105263158
1120 338.0657894736842
1121 345.7368421052632
1122 347.9605263157895
1123 355.8421052631579
1124 351.9868421052632
1125 351.6578947368421
1126 359.25
1127 357.7236842105263
1128 365.7368421052632
1129 365.35526315789474
1130 363.10526315789474
1131 373.57894736842104
1132 372.4605263157895
1133 384.0921052631579
1134 385.2236842105263
1135 378.2105263157895
1136 390.6578947368421
1137 386.8421052631579
1138 393.2763157894737
1139 392.0263157894737
1140 392.7631578947368
1141 398.1842105263158
1142 399.86842105263156
1143 409.3157894736842
1144 407.2105263157895
1145 408.7236842105263
1146 416.3421052631579
1147 417.2368421052632
1148 426.42105263157896
1149 423.32894736842104
1150 420.7368421052632
1151 431.25
1152 424.4342105263158
1153 435.7763157894737
1154 434.69736842105266
1155 434.13157894736844
1156 444.5263157894737
1157 444.9342105263158
1158 454.0657894736842
1159 454.5921052631579
1160 452.0657894736842
1161 460.64473684210526
1162 458.5657894736842
1163 466.5394736842105
1164 463.67105263157896
1165 459.0394736842105
1166 471.42105263157896
1167 466.2631578947368
1168 480.2894736842105
1169 479.14473684210526
1170 479.10526315789474
1171 488.63157894736844
1172 488.3157894736842
1173 496.0394736842105
1174 491.3421052631579
1175 489.80263157894734
1176 500.80263157894734
1177 496.60526315789474
1178 506.57894736842104
1179 507.5657894736842
1180 501.44736842105266
1181 515.5526315789474
1182 512.4473684210526
1183 526.3815789473684
1184 523.75
1185 520.5526315789474
1186 530.6184210526316
1187 527.8026315789474
1188 535.4868421052631
1189 533.5394736842105
1190 532.2631578947369
1191 541.25
1192 539.3157894736842
1193 550.8947368421053
1194 547.2368421052631
1195 545.1315789473684
1196 557.1973684210526
1197 553.6447368421053
1198 565.578947368421
1199 559.8815789473684
1200 558.8026315789474
1201 570.3026315789474
1202 564.921052631579
1203 576.6184210526316
1204 576.25
1205 569.2763157894736
1206 583.4605263157895
1207 579.921052631579
1208 591.7894736842105
1209 589.3421052631579
1210 582.2368421052631
1211 594.578947368421
1212 592.0131578947369
1213 599.6184210526316
1214 596.7368421052631
1215 598.5394736842105
1216 605.5
1217 603.6447368421053
1218 622.0131578947369
1219 611.3684210526316
1220 605.8421052631579
1221 620.1315789473684
1222 614.3552631578947
1223 623.75
1224 623.2631578947369
1225 617.3947368421053
1226 631.5921052631579
1227 626.6447368421053
1228 640.8421052631579
1229 632.5526315789474
1230 630.8552631578947
1231 640.4736842105264
1232 637.8421052631579
1233 649.3157894736842
1234 646.0263157894736
1235 638.8421052631579
1236 653.2236842105264
1237 648.8684210526316
1238 656.6973684210526
1239 655.0263157894736
1240 650.921052631579
1241 661.1578947368421
1242 654.3947368421053
1243 675.5394736842105
1244 666.5131578947369
1245 660.6447368421053
1246 676.2368421052631
1247 668.1578947368421
1248 679.2105263157895
1249 674.0657894736842
1250 671.671052631579
1251 681.8947368421053
1252 678.1315789473684
1253 690.0
1254 686.0263157894736
1255 677.0
1256 692.9605263157895
1257 688.2236842105264
1258 701.4473684210526
1259 696.7894736842105
1260 690.9078947368421
1261 703.1973684210526
1262 698.7631578947369
1263 708.6973684210526
1264 704.4342105263158
1265 703.6973684210526
1266 707.3815789473684
1267 705.328947368421
1268 722.0263157894736
1269 712.6184210526316
1270 703.3684210526316
1271 724.8684210526316
1272 714.5657894736842
1273 730.3026315789474
1274 724.578947368421
1275 719.3026315789474
1276 730.3157894736842
1277 722.2105263157895
1278 736.3552631578947
1279 733.2236842105264
1280 721.9868421052631
1281 738.0921052631579
1282 739.1578947368421
1283 745.9342105263158
1284 742.2105263157895
1285 734.671052631579
1286 747.3026315789474
1287 739.2368421052631
1288 754.1842105263158
1289 744.6973684210526
1290 743.8684210526316
1291 752.4605263157895
1292 746.5131578947369
1293 766.6447368421053
1294 758.0657894736842
1295 751.1052631578947
1296 768.4342105263158
1297 763.9868421052631
1298 768.3684210526316
1299 766.171052631579
1300 757.578947368421
1301 768.8552631578947
1302 759.6052631578947
1303 778.5921052631579
1304 767.6578947368421
1305 767.3815789473684
1306 780.1052631578947
1307 778.2236842105264
1308 788.671052631579
1309 781.8815789473684
1310 775.0263157894736
1311 785.9342105263158
1312 777.75
1313 788.3026315789474
1314 783.2236842105264
1315 772.9473684210526
1316 787.8815789473684
1317 778.5263157894736
1318 798.0394736842105
1319 791.4342105263158
1320 786.7105263157895
1321 802.4605263157895
1322 794.0921052631579
1323 802.8684210526316
1324 793.6973684210526
1325 783.0657894736842
1326 793.3157894736842
1327 783.0921052631579
1328 800.671052631579
1329 798.4473684210526
1330 787.3684210526316
1331 809.3815789473684
1332 805.578947368421
1333 807.5657894736842
1334 802.6578947368421
1335 795.6578947368421
1336 801.6184210526316
1337 792.25
1338 807.421052631579
1339 793.6315789473684
1340 790.8421052631579
1341 801.2631578947369
1342 796.6184210526316
1343 810.7236842105264
1344 800.75
1345 791.9473684210526
1346 813.0263157894736
1347 800.3552631578947
1348 810.421052631579
1349 800.1578947368421
