     1	53
     2	74
     3	80
     4	87
     5	92
     6	94
     7	95
     8	121
     9	138
    10	149
    11	167
    12	171
    13	181
    14	184
    15	195
    16	225
    17	228
    18	229
    19	239
    20	261
    21	271
    22	277
    23	288
    24	306
    25	323
    26	331
    27	335
    28	350
    29	365
    30	375
    31	378
    32	413
    33	423
    34	442
    35	464
    36	467
    37	486
    38	496
    39	501
    40	525
    41	551
    42	560
    43	570
    44	573
    45	598
    46	604
    47	614
    48	618
    49	625
    50	643
    51	646
    52	649
    53	666
    54	703
    55	705
    56	722
    57	723
    58	743
    59	744
    60	746
    61	760
    62	804
    63	807
    64	808
    65	809
    66	828
    67	849
    68	852
    69	884
    70	885
    71	899
    72	908
    73	933
    74	948
    75	956
    76	967
    77	989
    78	992
    79	1004
    80	1007
    81	1013
    82	1026
    83	1029
    84	1060
    85	1071
    86	1072
    87	1101
    88	1102
    89	1133
    90	1134
    91	1147
    92	1171
    93	1172
    94	1208
    95	1211
    96	1218
    97	1235
    98	1251
    99	1254
   100	1257
   101	1258
   102	1276
   103	1281
   104	1283
   105	1286
   106	1293
   107	1320
   108	1331
   109	1335
   110	1342
   111	1369
   112	1387
   113	1390
   114	1404
   115	1413
   116	1421
   117	1425
   118	1448
   119	1449
   120	1457
   121	1465
   122	1468
   123	1473
   124	1475
   125	1499
   126	1502
   127	1531
   128	1532
   129	1543
   130	1559
   131	1562
   132	1573
   133	1574
   134	1578
   135	1596
   136	1608
   137	1611
   138	1614
   139	1629
   140	1630
   141	1631
   142	1650
   143	1655
   144	1670
   145	1675
   146	1681
   147	1693
   148	1701
   149	1710
   150	1726
   151	1734
   152	1735
   153	1771
   154	1776
   155	1808
   156	1811
   157	1814
   158	1835
   159	1838
   160	1866
   161	1877
   162	1900
   163	1910
   164	1927
   165	1933
   166	1965
   167	1970
   168	1991
   169	2011
   170	2034
   171	2035
   172	2038
   173	2056
   174	2064
   175	2083
   176	2097
   177	2115
   178	2118
   179	2119
   180	2136
   181	2144
   182	2158
   183	2167
   184	2186
   185	2194
   186	2208
   187	2212
   188	2231
   189	2234
   190	2249
   191	2269
   192	2287
   193	2297
   194	2300
   195	2325
   196	2327
   197	2332
   198	2357
   199	2360
   200	2376
   201	2377
   202	2383
   203	2402
   204	2405
   205	2406
   206	2407
   207	2426
   208	2436
   209	2466
   210	2480
   211	2483
   212	2492
   213	2506
   214	2513
   215	2537
   216	2548
   217	2555
   218	2576
   219	2586
   220	2601
   221	2604
   222	2618
   223	2639
   224	2640
   225	2649
   226	2674
   227	2681
   228	2701
   229	2724
   230	2751
   231	2764
   232	2767
   233	2805
   234	2806
   235	2809
   236	2816
   237	2834
   238	2853
   239	2856
   240	2859
   241	2866
   242	2883
   243	2884
   244	2890
   245	2902
   246	2903
   247	2919
   248	2944
   249	2947
   250	2948
   251	2951
   252	2961
   253	2975
   254	2980
   255	2997
   256	3004
   257	3008
   258	3045
   259	3048
   260	3053
   261	3055
   262	3065
   263	3068
   264	3091
   265	3103
   266	3111
   267	3119
   268	3136
   269	3139
   270	3140
   271	3170
   272	3174
   273	3181
   274	3185
   275	3187
   276	3205
   277	3222
   278	3243
   279	3248
   280	3301
   281	3304
   282	3339
   283	3367
   284	3395
   285	3420
   286	3423
   287	3448
   288	3451
   289	3453
   290	3467
   291	3473
   292	3478
   293	3534
   294	3537
   295	3545
   296	3549
   297	3567
   298	3575
   299	3598
   300	3599
   301	3623
   302	3625
   303	3640
   304	3643
   305	3666
   306	3678
   307	3693
   308	3721
   309	3725
   310	3751
   311	3768
   312	3778
   313	3786
   314	3787
   315	3790
   316	3793
   317	3809
   318	3810
   319	3817
   320	3850
   321	3859
   322	3869
   323	3889
   324	3897
   325	3923
   326	3944
   327	3947
   328	3962
   329	3972
   330	4007
   331	4010
   332	4029
   333	4033
   334	4055
   335	4061
   336	4073
   337	4078
   338	4102
   339	4103
   340	4123
   341	4130
   342	4149
   343	4150
   344	4162
   345	4165
   346	4199
   347	4213
   348	4223
   349	4241
   350	4249
   351	4254
   352	4283
   353	4288
   354	4296
   355	4311
   356	4318
   357	4331
   358	4334
   359	4344
   360	4363
   361	4377
   362	4395
   363	4398
   364	4414
   365	4425
   366	4438
   367	4439
   368	4440
   369	4466
   370	4482
   371	4483
   372	4487
   373	4511
   374	4516
   375	4536
   376	4561
   377	4562
   378	4595
   379	4598
   380	4599
   381	4602
   382	4613
   383	4614
   384	4625
   385	4653
   386	4670
   387	4674
   388	4682
   389	4698
   390	4706
   391	4711
   392	4745
   393	4755
   394	4776
   395	4784
   396	4813
   397	4827
   398	4830
   399	4871
   400	4872
   401	4875
   402	4893
   403	4914
   404	4932
   405	4935
   406	4966
   407	4969
   408	4971
   409	4992
   410	4996
   411	5001
   412	5014
   413	5018
   414	5051
   415	5054
   416	5073
   417	5079
   418	5095
   419	5099
   420	5102
   421	5116
   422	5117
   423	5134
   424	5136
   425	5158
   426	5159
   427	5171
   428	5180
   429	5194
   430	5209
   431	5210
   432	5216
   433	5251
   434	5252
   435	5255
   436	5276
   437	5283
   438	5296
   439	5309
   440	5325
   441	5334
   442	5367
   443	5370
   444	5373
   445	5391
   446	5411
   447	5425
   448	5438
   449	5456
   450	5466
   451	5482
   452	5484
   453	5488
   454	5508
   455	5511
   456	5517
   457	5535
   458	5536
   459	5555
   460	5558
   461	5561
   462	5564
   463	5578
   464	5581
   465	5586
   466	5599
   467	5604
   468	5632
   469	5635
   470	5640
   471	5659
   472	5670
   473	5675
   474	5703
   475	5706
   476	5739
   477	5742
   478	5743
   479	5757
   480	5768
   481	5774
   482	5775
   483	5797
   484	5822
   485	5825
   486	5851
   487	5854
   488	5888
   489	5889
   490	5912
   491	5926
   492	5937
   493	5949
   494	5956
   495	5959
   496	5980
   497	5983
   498	5997
   499	5998
   500	6001
   501	6027
   502	6028
   503	6031
   504	6048
   505	6051
   506	6057
   507	6074
   508	6088
   509	6120
   510	6121
   511	6124
   512	6157
   513	6187
   514	6194
   515	6202
   516	6221
   517	6228
   518	6240
   519	6259
   520	6264
   521	6271
   522	6281
   523	6288
   524	6291
   525	6308
   526	6318
   527	6321
   528	6322
   529	6326
   530	6342
   531	6343
   532	6353
   533	6364
   534	6365
   535	6366
   536	6367
   537	6391
   538	6392
   539	6418
   540	6441
   541	6444
   542	6445
   543	6463
   544	6466
   545	6472
   546	6497
   547	6506
   548	6515
   549	6521
   550	6559
   551	6566
   552	6569
   553	6594
   554	6595
   555	6605
   556	6613
   557	6629
   558	6646
   559	6649
   560	6650
   561	6676
   562	6687
   563	6720
   564	6730
   565	6739
   566	6753
   567	6758
   568	6762
   569	6782
   570	6820
   571	6835
   572	6854
   573	6864
   574	6875
   575	6899
   576	6902
   577	6905
   578	6907
   579	6919
   580	6927
   581	6947
   582	6948
   583	6963
   584	6980
   585	6991
   586	6992
   587	6993
   588	7005
   589	7021
   590	7029
   591	7059
   592	7060
   593	7085
   594	7086
   595	7105
   596	7107
   597	7117
   598	7140
   599	7150
   600	7151
   601	7156
   602	7185
   603	7212
   604	7215
   605	7235
   606	7243
   607	7262
   608	7272
   609	7275
   610	7307
   611	7342
   612	7348
   613	7354
   614	7355
   615	7382
   616	7390
   617	7401
   618	7412
   619	7415
   620	7416
   621	7432
   622	7435
   623	7468
   624	7469
   625	7472
   626	7504
   627	7505
   628	7519
   629	7539
   630	7548
   631	7551
   632	7560
   633	7570
   634	7596
   635	7597
   636	7598
   637	7618
   638	7645
   639	7652
   640	7657
   641	7673
   642	7676
   643	7686
   644	7689
   645	7700
   646	7713
   647	7725
   648	7742
   649	7756
   650	7776
   651	7783
   652	7788
   653	7791
   654	7837
   655	7842
   656	7854
   657	7881
   658	7884
   659	7898
   660	7910
   661	7940
   662	7947
   663	7959
   664	7976
   665	7977
   666	7980
   667	8005
   668	8008
   669	8039
   670	8049
   671	8056
   672	8073
   673	8094
   674	8095
   675	8096
   676	8099
   677	8125
   678	8127
   679	8138
   680	8139
   681	8140
   682	8183
   683	8186
   684	8189
   685	8203
   686	8211
   687	8219
   688	8223
   689	8255
   690	8256
   691	8280
   692	8285
   693	8293
   694	8294
   695	8309
   696	8312
   697	8315
   698	8329
   699	8353
   700	8361
   701	8395
   702	8413
   703	8419
   704	8432
   705	8433
   706	8460
   707	8465
   708	8468
   709	8473
   710	8491
   711	8518
   712	8519
   713	8528
   714	8561
   715	8587
   716	8593
   717	8598
   718	8621
   719	8622
   720	8645
   721	8648
   722	8662
   723	8681
   724	8685
   725	8713
   726	8725
   727	8734
   728	8765
   729	8766
   730	8786
   731	8791
   732	8794
   733	8797
   734	8799
   735	8805
   736	8815
   737	8820
   738	8823
   739	8850
   740	8863
   741	8885
   742	8900
   743	8909
   744	8929
   745	8932
   746	8939
   747	8968
   748	8969
   749	8980
   750	8989
   751	9011
   752	9013
   753	9035
   754	9041
   755	9053
   756	9058
   757	9082
   758	9083
   759	9092
   760	9101
   761	9107
   762	9112
   763	9134
   764	9155
   765	9160
   766	9170
   767	9192
   768	9195
   769	9218
   770	9226
   771	9238
   772	9243
   773	9250
   774	9271
   775	9272
   776	9273
   777	9295
   778	9330
   779	9331
   780	9339
   781	9355
   782	9360
   783	9363
   784	9366
   785	9395
   786	9404
   787	9418
   788	9423
   789	9434
   790	9447
   791	9448
   792	9449
   793	9476
   794	9477
   795	9491
   796	9492
   797	9493
   798	9530
   799	9531
   800	9545
   801	9548
   802	9573
   803	9575
   804	9587
   805	9590
   806	9597
   807	9620
   808	9648
   809	9659
   810	9660
   811	9663
   812	9692
   813	9693
   814	9715
   815	9725
   816	9728
   817	9747
   818	9750
   819	9791
   820	9803
   821	9818
   822	9856
   823	9860
   824	9872
   825	9883
   826	9887
   827	9902
   828	9912
   829	9936
   830	9938
   831	9941
   832	9963
   833	9966
   834	9992
   835	9995
   836	9998
