     1	4
     2	5
     3	7
     4	9
     5	11
     6	13
     7	25
     8	36
     9	38
    10	44
    11	46
    12	48
    13	51
    14	59
    15	61
    16	67
    17	70
    18	72
    19	78
    20	82
    21	84
    22	86
    23	90
    24	99
    25	102
    26	104
    27	108
    28	110
    29	113
    30	116
    31	118
    32	126
    33	128
    34	130
    35	132
    36	135
    37	137
    38	140
    39	143
    40	153
    41	156
    42	161
    43	163
    44	166
    45	170
    46	175
    47	178
    48	183
    49	186
    50	188
    51	192
    52	199
    53	201
    54	203
    55	206
    56	208
    57	212
    58	214
    59	217
    60	219
    61	221
    62	224
    63	227
    64	232
    65	234
    66	238
    67	243
    68	245
    69	247
    70	250
    71	252
    72	255
    73	257
    74	263
    75	265
    76	267
    77	270
    78	274
    79	276
    80	279
    81	281
    82	283
    83	285
    84	287
    85	290
    86	292
    87	294
    88	297
    89	300
    90	303
    91	305
    92	309
    93	312
    94	316
    95	318
    96	322
    97	325
    98	327
    99	330
   100	334
   101	337
   102	340
   103	342
   104	345
   105	349
   106	352
   107	355
   108	357
   109	359
   110	362
   111	364
   112	367
   113	370
   114	374
   115	380
   116	386
   117	388
   118	390
   119	395
   120	399
   121	401
   122	403
   123	405
   124	407
   125	410
   126	412
   127	415
   128	418
   129	420
   130	422
   131	425
   132	428
   133	430
   134	434
   135	436
   136	438
   137	441
   138	444
   139	446
   140	448
   141	450
   142	452
   143	455
   144	459
   145	461
   146	466
   147	469
   148	471
   149	473
   150	476
   151	479
   152	481
   153	485
   154	488
   155	490
   156	492
   157	495
   158	498
   159	500
   160	503
   161	505
   162	507
   163	512
   164	514
   165	516
   166	519
   167	521
   168	524
   169	527
   170	531
   171	534
   172	536
   173	539
   174	542
   175	545
   176	547
   177	550
   178	553
   179	555
   180	557
   181	559
   182	562
   183	564
   184	566
   185	569
   186	572
   187	575
   188	577
   189	579
   190	581
   191	585
   192	588
   193	590
   194	592
   195	595
   196	597
   197	600
   198	603
   199	607
   200	611
   201	613
   202	617
   203	620
   204	622
   205	624
   206	628
   207	630
   208	632
   209	634
   210	637
   211	639
   212	641
   213	645
   214	648
   215	651
   216	655
   217	658
   218	660
   219	662
   220	665
   221	668
   222	670
   223	672
   224	674
   225	678
   226	680
   227	682
   228	686
   229	688
   230	690
   231	692
   232	694
   233	696
   234	699
   235	702
   236	707
   237	711
   238	713
   239	718
   240	721
   241	726
   242	729
   243	733
   244	735
   245	737
   246	740
   247	742
   248	749
   249	751
   250	753
   251	756
   252	759
   253	763
   254	766
   255	768
   256	771
   257	776
   258	780
   259	782
   260	784
   261	786
   262	788
   263	790
   264	792
   265	794
   266	796
   267	798
   268	800
   269	803
   270	806
   271	811
   272	813
   273	815
   274	818
   275	820
   276	823
   277	826
   278	830
   279	833
   280	835
   281	838
   282	840
   283	842
   284	844
   285	847
   286	854
   287	856
   288	858
   289	860
   290	863
   291	867
   292	869
   293	873
   294	875
   295	878
   296	881
   297	883
   298	887
   299	889
   300	891
   301	895
   302	897
   303	901
   304	904
   305	907
   306	911
   307	913
   308	916
   309	918
   310	922
   311	925
   312	927
   313	929
   314	932
   315	935
   316	937
   317	939
   318	941
   319	943
   320	945
   321	947
   322	950
   323	953
   324	955
   325	958
   326	960
   327	962
   328	964
   329	966
   330	969
   331	972
   332	975
   333	977
   334	980
   335	982
   336	984
   337	988
   338	991
   339	994
   340	997
   341	999
   342	1001
   343	1003
   344	1006
   345	1009
   346	1015
   347	1017
   348	1019
   349	1022
   350	1024
   351	1028
   352	1031
   353	1034
   354	1037
   355	1039
   356	1041
   357	1044
   358	1047
   359	1052
   360	1055
   361	1058
   362	1062
   363	1064
   364	1066
   365	1070
   366	1075
   367	1078
   368	1081
   369	1083
   370	1085
   371	1087
   372	1089
   373	1091
   374	1093
   375	1097
   376	1099
   377	1104
   378	1106
   379	1109
   380	1111
   381	1115
   382	1117
   383	1121
   384	1124
   385	1126
   386	1129
   387	1132
   388	1136
   389	1138
   390	1141
   391	1144
   392	1146
   393	1150
   394	1155
   395	1157
   396	1159
   397	1161
   398	1163
   399	1165
   400	1168
   401	1170
   402	1174
   403	1176
   404	1179
   405	1181
   406	1184
   407	1186
   408	1188
   409	1193
   410	1195
   411	1197
   412	1200
   413	1203
   414	1205
   415	1207
   416	1210
   417	1213
   418	1220
   419	1224
   420	1226
   421	1229
   422	1232
   423	1237
   424	1240
   425	1242
   426	1245
   427	1247
   428	1249
   429	1253
   430	1256
   431	1260
   432	1262
   433	1264
   434	1267
   435	1270
   436	1272
   437	1275
   438	1278
   439	1280
   440	1285
   441	1289
   442	1292
   443	1296
   444	1298
   445	1302
   446	1307
   447	1311
   448	1313
   449	1317
   450	1319
   451	1322
   452	1324
   453	1328
   454	1330
   455	1334
   456	1337
   457	1339
   458	1344
   459	1348
   460	1353
   461	1355
   462	1357
   463	1359
   464	1362
   465	1364
   466	1366
   467	1368
   468	1371
   469	1374
   470	1376
   471	1378
   472	1380
   473	1382
   474	1384
   475	1386
   476	1389
   477	1393
   478	1395
   479	1397
   480	1401
   481	1403
   482	1406
   483	1409
   484	1412
   485	1415
   486	1417
   487	1419
   488	1423
   489	1427
   490	1429
   491	1433
   492	1435
   493	1437
   494	1440
   495	1442
   496	1445
   497	1447
   498	1451
   499	1454
   500	1456
   501	1459
   502	1461
   503	1464
   504	1467
   505	1470
   506	1477
   507	1479
   508	1483
   509	1485
   510	1487
   511	1491
   512	1493
   513	1495
   514	1498
   515	1501
   516	1504
   517	1506
   518	1508
   519	1511
   520	1514
   521	1518
   522	1520
   523	1522
   524	1524
   525	1528
   526	1530
   527	1534
   528	1536
   529	1539
   530	1542
   531	1547
   532	1551
   533	1553
   534	1558
   535	1561
   536	1565
   537	1569
   538	1572
   539	1576
   540	1580
   541	1583
   542	1585
   543	1593
   544	1595
   545	1598
   546	1602
   547	1604
   548	1606
   549	1610
   550	1613
   551	1617
   552	1620
   553	1622
   554	1625
   555	1628
   556	1635
   557	1638
   558	1645
   559	1647
   560	1649
   561	1652
   562	1654
   563	1659
   564	1661
   565	1663
   566	1666
   567	1668
   568	1672
   569	1674
   570	1678
   571	1680
   572	1684
   573	1686
   574	1689
   575	1692
   576	1695
   577	1697
   578	1700
   579	1703
   580	1705
   581	1707
   582	1709
   583	1712
   584	1714
   585	1716
   586	1718
   587	1721
   588	1724
   589	1728
   590	1730
   591	1732
   592	1737
   593	1740
   594	1742
   595	1745
   596	1748
   597	1752
   598	1756
   599	1758
   600	1760
   601	1762
   602	1764
   603	1767
   604	1770
   605	1775
   606	1779
   607	1781
   608	1783
   609	1785
   610	1788
   611	1794
   612	1796
   613	1798
   614	1801
   615	1803
   616	1805
   617	1807
   618	1810
   619	1813
   620	1816
   621	1818
   622	1820
   623	1822
   624	1824
   625	1826
   626	1829
   627	1832
   628	1834
   629	1837
   630	1840
   631	1842
   632	1845
   633	1847
   634	1849
   635	1851
   636	1854
   637	1856
   638	1858
   639	1860
   640	1863
   641	1865
   642	1869
   643	1871
   644	1873
   645	1876
   646	1879
   647	1881
   648	1885
   649	1887
   650	1889
   651	1891
   652	1893
   653	1895
   654	1897
   655	1899
   656	1902
   657	1904
   658	1906
   659	1909
   660	1912
   661	1914
   662	1916
   663	1919
   664	1921
   665	1923
   666	1926
   667	1930
   668	1932
   669	1936
   670	1938
   671	1940
   672	1942
   673	1945
   674	1947
   675	1949
   676	1953
   677	1955
   678	1957
   679	1959
   680	1961
   681	1964
   682	1967
   683	1969
   684	1972
   685	1975
   686	1977
   687	1980
   688	1982
   689	1984
   690	1988
   691	1990
   692	1993
   693	1996
   694	1998
   695	2000
   696	2003
   697	2006
   698	2008
   699	2010
   700	2013
   701	2015
   702	2019
   703	2021
   704	2023
   705	2025
   706	2028
   707	2031
   708	2033
   709	2037
   710	2040
   711	2042
   712	2044
   713	2046
   714	2049
   715	2052
   716	2054
   717	2058
   718	2060
   719	2063
   720	2066
   721	2068
   722	2070
   723	2072
   724	2075
   725	2077
   726	2079
   727	2082
   728	2085
   729	2087
   730	2089
   731	2091
   732	2094
   733	2096
   734	2100
   735	2102
   736	2105
   737	2107
   738	2109
   739	2111
   740	2114
   741	2117
   742	2122
   743	2124
   744	2127
   745	2129
   746	2131
   747	2134
   748	2138
   749	2141
   750	2143
   751	2146
   752	2151
   753	2157
   754	2160
   755	2162
   756	2164
   757	2166
   758	2169
   759	2172
   760	2176
   761	2179
   762	2181
   763	2184
   764	2188
   765	2190
   766	2193
   767	2197
   768	2199
   769	2203
   770	2205
   771	2207
   772	2211
   773	2215
   774	2217
   775	2221
   776	2223
   777	2226
   778	2228
   779	2230
   780	2233
   781	2237
   782	2239
   783	2241
   784	2243
   785	2246
   786	2248
   787	2251
   788	2254
   789	2256
   790	2258
   791	2260
   792	2263
   793	2266
   794	2271
   795	2275
   796	2277
   797	2282
   798	2284
   799	2286
   800	2289
   801	2291
   802	2293
   803	2296
   804	2299
   805	2305
   806	2309
   807	2311
   808	2313
   809	2317
   810	2320
   811	2322
   812	2324
   813	2329
   814	2331
   815	2334
   816	2336
   817	2338
   818	2341
   819	2344
   820	2346
   821	2349
   822	2351
   823	2354
   824	2356
   825	2359
   826	2362
   827	2364
   828	2366
   829	2368
   830	2370
   831	2374
   832	2379
   833	2382
   834	2385
   835	2388
   836	2392
   837	2394
   838	2396
   839	2398
   840	2401
   841	2404
   842	2409
   843	2411
   844	2415
   845	2417
   846	2420
   847	2422
   848	2424
   849	2428
   850	2430
   851	2433
   852	2435
   853	2439
   854	2443
   855	2445
   856	2448
   857	2451
   858	2453
   859	2456
   860	2458
   861	2460
   862	2463
   863	2465
   864	2469
   865	2472
   866	2476
   867	2478
   868	2482
   869	2485
   870	2488
   871	2491
   872	2494
   873	2496
   874	2498
   875	2500
   876	2503
   877	2505
   878	2508
   879	2510
   880	2512
   881	2515
   882	2517
   883	2519
   884	2522
   885	2524
   886	2526
   887	2529
   888	2532
   889	2534
   890	2536
   891	2539
   892	2541
   893	2543
   894	2545
   895	2547
   896	2550
   897	2552
   898	2554
   899	2557
   900	2560
   901	2562
   902	2565
   903	2567
   904	2569
   905	2573
   906	2575
   907	2578
   908	2581
   909	2583
   910	2585
   911	2588
   912	2591
   913	2595
   914	2597
   915	2600
   916	2603
   917	2606
   918	2610
   919	2612
   920	2614
   921	2617
   922	2620
   923	2623
   924	2625
   925	2629
   926	2631
   927	2633
   928	2635
   929	2638
   930	2642
   931	2644
   932	2646
   933	2648
   934	2651
   935	2653
   936	2656
   937	2658
   938	2661
   939	2665
   940	2667
   941	2670
   942	2673
   943	2676
   944	2680
   945	2683
   946	2686
   947	2689
   948	2692
   949	2694
   950	2698
   951	2700
   952	2703
   953	2706
   954	2709
   955	2712
   956	2714
   957	2716
   958	2719
   959	2721
   960	2723
   961	2727
   962	2729
   963	2734
   964	2736
   965	2738
   966	2741
   967	2743
   968	2746
   969	2750
   970	2753
   971	2755
   972	2757
   973	2759
   974	2761
   975	2763
   976	2766
   977	2769
   978	2771
   979	2773
   980	2776
   981	2779
   982	2782
   983	2785
   984	2788
   985	2790
   986	2792
   987	2794
   988	2796
   989	2799
   990	2802
   991	2804
   992	2808
   993	2811
   994	2813
   995	2815
   996	2818
   997	2821
   998	2826
   999	2828
  1000	2831
  1001	2833
  1002	2836
  1003	2838
  1004	2842
  1005	2844
  1006	2846
  1007	2849
  1008	2852
  1009	2855
  1010	2858
  1011	2861
  1012	2863
  1013	2865
  1014	2868
  1015	2871
  1016	2873
  1017	2875
  1018	2877
  1019	2880
  1020	2882
  1021	2886
  1022	2889
  1023	2893
  1024	2895
  1025	2898
  1026	2906
  1027	2909
  1028	2911
  1029	2913
  1030	2915
  1031	2918
  1032	2922
  1033	2924
  1034	2927
  1035	2930
  1036	2932
  1037	2934
  1038	2937
  1039	2939
  1040	2941
  1041	2943
  1042	2946
  1043	2950
  1044	2953
  1045	2955
  1046	2958
  1047	2960
  1048	2965
  1049	2967
  1050	2969
  1051	2972
  1052	2974
  1053	2977
  1054	2979
  1055	2982
  1056	2984
  1057	2986
  1058	2988
  1059	2991
  1060	2994
  1061	2999
  1062	3003
  1063	3007
  1064	3010
  1065	3012
  1066	3015
  1067	3017
  1068	3021
  1069	3024
  1070	3026
  1071	3028
  1072	3030
  1073	3034
  1074	3037
  1075	3039
  1076	3041
  1077	3044
  1078	3047
  1079	3050
  1080	3052
  1081	3058
  1082	3061
  1083	3064
  1084	3067
  1085	3070
  1086	3072
  1087	3074
  1088	3078
  1089	3080
  1090	3085
  1091	3087
  1092	3089
  1093	3093
  1094	3097
  1095	3100
  1096	3102
  1097	3105
  1098	3110
  1099	3114
  1100	3116
  1101	3118
  1102	3122
  1103	3124
  1104	3126
  1105	3128
  1106	3130
  1107	3132
  1108	3135
  1109	3138
  1110	3142
  1111	3145
  1112	3147
  1113	3149
  1114	3152
  1115	3155
  1116	3158
  1117	3160
  1118	3163
  1119	3165
  1120	3167
  1121	3172
  1122	3176
  1123	3178
  1124	3184
  1125	3191
  1126	3193
  1127	3196
  1128	3198
  1129	3201
  1130	3203
  1131	3207
  1132	3209
  1133	3212
  1134	3214
  1135	3216
  1136	3219
  1137	3221
  1138	3225
  1139	3227
  1140	3229
  1141	3231
  1142	3235
  1143	3237
  1144	3239
  1145	3242
  1146	3245
  1147	3247
  1148	3254
  1149	3258
  1150	3260
  1151	3262
  1152	3265
  1153	3268
  1154	3270
  1155	3273
  1156	3275
  1157	3277
  1158	3280
  1159	3283
  1160	3286
  1161	3289
  1162	3291
  1163	3293
  1164	3295
  1165	3298
  1166	3300
  1167	3303
  1168	3306
  1169	3308
  1170	3311
  1171	3313
  1172	3315
  1173	3318
  1174	3320
  1175	3322
  1176	3325
  1177	3327
  1178	3329
  1179	3331
  1180	3333
  1181	3336
  1182	3338
  1183	3341
  1184	3343
  1185	3346
  1186	3348
  1187	3350
  1188	3353
  1189	3356
  1190	3359
  1191	3362
  1192	3365
  1193	3370
  1194	3373
  1195	3375
  1196	3377
  1197	3381
  1198	3383
  1199	3385
  1200	3387
  1201	3389
  1202	3392
  1203	3394
  1204	3397
  1205	3400
  1206	3403
  1207	3405
  1208	3407
  1209	3410
  1210	3412
  1211	3414
  1212	3416
  1213	3419
  1214	3422
  1215	3425
  1216	3427
  1217	3429
  1218	3432
  1219	3434
  1220	3436
  1221	3438
  1222	3440
  1223	3442
  1224	3445
  1225	3447
  1226	3455
  1227	3457
  1228	3460
  1229	3463
  1230	3466
  1231	3469
  1232	3472
  1233	3475
  1234	3477
  1235	3482
  1236	3484
  1237	3488
  1238	3490
  1239	3492
  1240	3494
  1241	3496
  1242	3498
  1243	3500
  1244	3504
  1245	3509
  1246	3511
  1247	3513
  1248	3515
  1249	3518
  1250	3521
  1251	3523
  1252	3526
  1253	3528
  1254	3531
  1255	3533
  1256	3536
  1257	3541
  1258	3543
  1259	3547
  1260	3551
  1261	3555
  1262	3560
  1263	3563
  1264	3566
  1265	3570
  1266	3572
  1267	3574
  1268	3577
  1269	3580
  1270	3582
  1271	3585
  1272	3587
  1273	3589
  1274	3592
  1275	3595
  1276	3597
  1277	3601
  1278	3603
  1279	3605
  1280	3609
  1281	3611
  1282	3613
  1283	3617
  1284	3619
  1285	3621
  1286	3627
  1287	3629
  1288	3632
  1289	3634
  1290	3637
  1291	3639
  1292	3642
  1293	3645
  1294	3647
  1295	3651
  1296	3653
  1297	3655
  1298	3658
  1299	3660
  1300	3663
  1301	3665
  1302	3670
  1303	3672
  1304	3674
  1305	3677
  1306	3680
  1307	3683
  1308	3686
  1309	3688
  1310	3690
  1311	3692
  1312	3695
  1313	3697
  1314	3700
  1315	3702
  1316	3704
  1317	3706
  1318	3708
  1319	3712
  1320	3715
  1321	3717
  1322	3719
  1323	3724
  1324	3729
  1325	3731
  1326	3733
  1327	3736
  1328	3738
  1329	3742
  1330	3744
  1331	3746
  1332	3749
  1333	3753
  1334	3755
  1335	3757
  1336	3760
  1337	3762
  1338	3764
  1339	3767
  1340	3771
  1341	3773
  1342	3775
  1343	3777
  1344	3780
  1345	3783
  1346	3785
  1347	3789
  1348	3792
  1349	3799
  1350	3801
  1351	3803
  1352	3806
  1353	3808
  1354	3812
  1355	3814
  1356	3816
  1357	3819
  1358	3822
  1359	3824
  1360	3827
  1361	3831
  1362	3833
  1363	3835
  1364	3837
  1365	3840
  1366	3842
  1367	3845
  1368	3847
  1369	3849
  1370	3852
  1371	3854
  1372	3856
  1373	3858
  1374	3861
  1375	3864
  1376	3866
  1377	3868
  1378	3871
  1379	3874
  1380	3876
  1381	3878
  1382	3881
  1383	3883
  1384	3885
  1385	3888
  1386	3891
  1387	3893
  1388	3896
  1389	3899
  1390	3901
  1391	3903
  1392	3907
  1393	3909
  1394	3911
  1395	3913
  1396	3915
  1397	3917
  1398	3920
  1399	3922
  1400	3925
  1401	3927
  1402	3932
  1403	3935
  1404	3937
  1405	3940
  1406	3942
  1407	3946
  1408	3951
  1409	3953
  1410	3956
  1411	3959
  1412	3961
  1413	3964
  1414	3966
  1415	3968
  1416	3971
  1417	3974
  1418	3976
  1419	3978
  1420	3981
  1421	3984
  1422	3986
  1423	3988
  1424	3991
  1425	3993
  1426	3995
  1427	3997
  1428	4000
  1429	4002
  1430	4004
  1431	4006
  1432	4009
  1433	4012
  1434	4014
  1435	4016
  1436	4019
  1437	4021
  1438	4023
  1439	4025
  1440	4028
  1441	4031
  1442	4035
  1443	4038
  1444	4041
  1445	4043
  1446	4045
  1447	4048
  1448	4050
  1449	4054
  1450	4058
  1451	4060
  1452	4063
  1453	4065
  1454	4067
  1455	4069
  1456	4072
  1457	4077
  1458	4080
  1459	4082
  1460	4085
  1461	4087
  1462	4089
  1463	4092
  1464	4094
  1465	4096
  1466	4099
  1467	4101
  1468	4105
  1469	4107
  1470	4109
  1471	4111
  1472	4115
  1473	4117
  1474	4119
  1475	4122
  1476	4125
  1477	4127
  1478	4129
  1479	4132
  1480	4135
  1481	4137
  1482	4140
  1483	4142
  1484	4145
  1485	4148
  1486	4152
  1487	4154
  1488	4158
  1489	4161
  1490	4167
  1491	4170
  1492	4175
  1493	4177
  1494	4181
  1495	4184
  1496	4186
  1497	4188
  1498	4191
  1499	4193
  1500	4195
  1501	4198
  1502	4201
  1503	4203
  1504	4205
  1505	4207
  1506	4210
  1507	4212
  1508	4215
  1509	4218
  1510	4220
  1511	4222
  1512	4225
  1513	4228
  1514	4230
  1515	4233
  1516	4235
  1517	4238
  1518	4240
  1519	4243
  1520	4245
  1521	4248
  1522	4251
  1523	4253
  1524	4256
  1525	4258
  1526	4260
  1527	4263
  1528	4266
  1529	4268
  1530	4270
  1531	4272
  1532	4274
  1533	4277
  1534	4279
  1535	4281
  1536	4285
  1537	4287
  1538	4290
  1539	4293
  1540	4295
  1541	4299
  1542	4301
  1543	4304
  1544	4306
  1545	4310
  1546	4314
  1547	4317
  1548	4321
  1549	4324
  1550	4327
  1551	4330
  1552	4336
  1553	4339
  1554	4342
  1555	4350
  1556	4354
  1557	4357
  1558	4359
  1559	4362
  1560	4365
  1561	4367
  1562	4369
  1563	4371
  1564	4374
  1565	4376
  1566	4380
  1567	4382
  1568	4385
  1569	4387
  1570	4389
  1571	4391
  1572	4394
  1573	4397
  1574	4401
  1575	4403
  1576	4406
  1577	4408
  1578	4410
  1579	4413
  1580	4417
  1581	4419
  1582	4421
  1583	4424
  1584	4428
  1585	4430
  1586	4432
  1587	4434
  1588	4437
  1589	4442
  1590	4445
  1591	4448
  1592	4450
  1593	4452
  1594	4455
  1595	4458
  1596	4460
  1597	4463
  1598	4465
  1599	4469
  1600	4471
  1601	4473
  1602	4475
  1603	4479
  1604	4481
  1605	4486
  1606	4489
  1607	4491
  1608	4493
  1609	4496
  1610	4499
  1611	4501
  1612	4505
  1613	4507
  1614	4510
  1615	4513
  1616	4515
  1617	4518
  1618	4520
  1619	4522
  1620	4525
  1621	4527
  1622	4531
  1623	4533
  1624	4535
  1625	4538
  1626	4541
  1627	4543
  1628	4545
  1629	4548
  1630	4550
  1631	4552
  1632	4554
  1633	4556
  1634	4559
  1635	4565
  1636	4568
  1637	4570
  1638	4572
  1639	4575
  1640	4577
  1641	4579
  1642	4584
  1643	4586
  1644	4588
  1645	4591
  1646	4594
  1647	4597
  1648	4601
  1649	4605
  1650	4608
  1651	4612
  1652	4616
  1653	4618
  1654	4620
  1655	4622
  1656	4624
  1657	4627
  1658	4630
  1659	4632
  1660	4634
  1661	4637
  1662	4639
  1663	4641
  1664	4643
  1665	4645
  1666	4648
  1667	4650
  1668	4652
  1669	4655
  1670	4657
  1671	4659
  1672	4661
  1673	4664
  1674	4666
  1675	4668
  1676	4672
  1677	4676
  1678	4678
  1679	4681
  1680	4685
  1681	4687
  1682	4689
  1683	4692
  1684	4694
  1685	4697
  1686	4700
  1687	4702
  1688	4704
  1689	4708
  1690	4710
  1691	4713
  1692	4715
  1693	4717
  1694	4721
  1695	4724
  1696	4726
  1697	4729
  1698	4731
  1699	4733
  1700	4735
  1701	4737
  1702	4740
  1703	4742
  1704	4744
  1705	4747
  1706	4749
  1707	4751
  1708	4754
  1709	4757
  1710	4759
  1711	4761
  1712	4764
  1713	4766
  1714	4768
  1715	4770
  1716	4773
  1717	4775
  1718	4778
  1719	4780
  1720	4783
  1721	4786
  1722	4788
  1723	4790
  1724	4793
  1725	4795
  1726	4798
  1727	4800
  1728	4802
  1729	4804
  1730	4807
  1731	4810
  1732	4812
  1733	4815
  1734	4817
  1735	4819
  1736	4823
  1737	4826
  1738	4832
  1739	4834
  1740	4836
  1741	4840
  1742	4843
  1743	4846
  1744	4850
  1745	4853
  1746	4856
  1747	4859
  1748	4861
  1749	4863
  1750	4866
  1751	4868
  1752	4870
  1753	4874
  1754	4877
  1755	4880
  1756	4882
  1757	4884
  1758	4886
  1759	4889
  1760	4892
  1761	4895
  1762	4897
  1763	4900
  1764	4903
  1765	4905
  1766	4907
  1767	4911
  1768	4913
  1769	4917
  1770	4919
  1771	4921
  1772	4923
  1773	4927
  1774	4929
  1775	4931
  1776	4934
  1777	4937
  1778	4939
  1779	4941
  1780	4944
  1781	4947
  1782	4949
  1783	4951
  1784	4953
  1785	4956
  1786	4960
  1787	4962
  1788	4964
  1789	4968
  1790	4976
  1791	4979
  1792	4984
  1793	4986
  1794	4988
  1795	4991
  1796	4994
  1797	4998
  1798	5000
  1799	5003
  1800	5005
  1801	5007
  1802	5010
  1803	5013
  1804	5016
  1805	5020
  1806	5022
  1807	5025
  1808	5027
  1809	5029
  1810	5033
  1811	5035
  1812	5037
  1813	5039
  1814	5043
  1815	5045
  1816	5048
  1817	5050
  1818	5053
  1819	5056
  1820	5058
  1821	5062
  1822	5064
  1823	5066
  1824	5069
  1825	5072
  1826	5076
  1827	5078
  1828	5081
  1829	5084
  1830	5087
  1831	5089
  1832	5092
  1833	5094
  1834	5098
  1835	5101
  1836	5104
  1837	5106
  1838	5109
  1839	5112
  1840	5114
  1841	5119
  1842	5121
  1843	5124
  1844	5126
  1845	5129
  1846	5132
  1847	5138
  1848	5141
  1849	5144
  1850	5146
  1851	5150
  1852	5152
  1853	5154
  1854	5157
  1855	5161
  1856	5163
  1857	5165
  1858	5168
  1859	5170
  1860	5173
  1861	5176
  1862	5179
  1863	5183
  1864	5186
  1865	5188
  1866	5191
  1867	5193
  1868	5196
  1869	5198
  1870	5201
  1871	5203
  1872	5206
  1873	5208
  1874	5212
  1875	5215
  1876	5218
  1877	5220
  1878	5222
  1879	5224
  1880	5227
  1881	5230
  1882	5232
  1883	5234
  1884	5237
  1885	5239
  1886	5241
  1887	5243
  1888	5245
  1889	5248
  1890	5250
  1891	5254
  1892	5257
  1893	5259
  1894	5261
  1895	5263
  1896	5265
  1897	5267
  1898	5270
  1899	5272
  1900	5275
  1901	5278
  1902	5282
  1903	5285
  1904	5287
  1905	5289
  1906	5291
  1907	5293
  1908	5295
  1909	5298
  1910	5300
  1911	5302
  1912	5306
  1913	5308
  1914	5311
  1915	5313
  1916	5316
  1917	5318
  1918	5320
  1919	5322
  1920	5324
  1921	5327
  1922	5330
  1923	5332
  1924	5337
  1925	5339
  1926	5341
  1927	5345
  1928	5347
  1929	5349
  1930	5352
  1931	5354
  1932	5358
  1933	5360
  1934	5362
  1935	5364
  1936	5366
  1937	5369
  1938	5372
  1939	5375
  1940	5378
  1941	5380
  1942	5382
  1943	5384
  1944	5387
  1945	5390
  1946	5393
  1947	5396
  1948	5399
  1949	5401
  1950	5403
  1951	5406
  1952	5408
  1953	5410
  1954	5413
  1955	5415
  1956	5417
  1957	5419
  1958	5422
  1959	5424
  1960	5428
  1961	5430
  1962	5433
  1963	5435
  1964	5437
  1965	5440
  1966	5443
  1967	5445
  1968	5448
  1969	5450
  1970	5453
  1971	5455
  1972	5458
  1973	5460
  1974	5463
  1975	5468
  1976	5470
  1977	5473
  1978	5476
  1979	5478
  1980	5481
  1981	5487
  1982	5494
  1983	5498
  1984	5501
  1985	5504
  1986	5506
  1987	5510
  1988	5513
  1989	5516
  1990	5519
  1991	5521
  1992	5523
  1993	5525
  1994	5527
  1995	5530
  1996	5532
  1997	5539
  1998	5542
  1999	5546
  2000	5548
  2001	5551
  2002	5553
  2003	5557
  2004	5560
  2005	5563
  2006	5566
  2007	5568
  2008	5571
  2009	5574
  2010	5577
  2011	5580
  2012	5583
  2013	5585
  2014	5588
  2015	5590
  2016	5592
  2017	5595
  2018	5597
  2019	5601
  2020	5603
  2021	5607
  2022	5609
  2023	5611
  2024	5614
  2025	5617
  2026	5620
  2027	5622
  2028	5625
  2029	5627
  2030	5631
  2031	5634
  2032	5637
  2033	5639
  2034	5642
  2035	5645
  2036	5647
  2037	5650
  2038	5652
  2039	5654
  2040	5658
  2041	5663
  2042	5665
  2043	5667
  2044	5669
  2045	5672
  2046	5674
  2047	5680
  2048	5683
  2049	5686
  2050	5688
  2051	5690
  2052	5692
  2053	5694
  2054	5696
  2055	5699
  2056	5702
  2057	5708
  2058	5710
  2059	5713
  2060	5716
  2061	5718
  2062	5720
  2063	5723
  2064	5726
  2065	5728
  2066	5731
  2067	5733
  2068	5735
  2069	5738
  2070	5741
  2071	5745
  2072	5748
  2073	5751
  2074	5754
  2075	5756
  2076	5760
  2077	5762
  2078	5764
  2079	5767
  2080	5770
  2081	5773
  2082	5777
  2083	5780
  2084	5782
  2085	5786
  2086	5788
  2087	5790
  2088	5794
  2089	5796
  2090	5799
  2091	5802
  2092	5804
  2093	5806
  2094	5809
  2095	5812
  2096	5814
  2097	5816
  2098	5818
  2099	5821
  2100	5824
  2101	5827
  2102	5832
  2103	5834
  2104	5837
  2105	5839
  2106	5842
  2107	5844
  2108	5846
  2109	5848
  2110	5850
  2111	5853
  2112	5856
  2113	5858
  2114	5861
  2115	5863
  2116	5865
  2117	5868
  2118	5870
  2119	5873
  2120	5875
  2121	5877
  2122	5879
  2123	5881
  2124	5884
  2125	5887
  2126	5891
  2127	5894
  2128	5897
  2129	5899
  2130	5901
  2131	5904
  2132	5907
  2133	5909
  2134	5911
  2135	5914
  2136	5916
  2137	5918
  2138	5920
  2139	5923
  2140	5925
  2141	5928
  2142	5930
  2143	5933
  2144	5936
  2145	5939
  2146	5941
  2147	5943
  2148	5946
  2149	5948
  2150	5951
  2151	5953
  2152	5955
  2153	5958
  2154	5961
  2155	5963
  2156	5965
  2157	5968
  2158	5970
  2159	5972
  2160	5975
  2161	5977
  2162	5979
  2163	5982
  2164	5985
  2165	5987
  2166	5989
  2167	5991
  2168	5993
  2169	5996
  2170	6000
  2171	6003
  2172	6005
  2173	6007
  2174	6009
  2175	6013
  2176	6015
  2177	6017
  2178	6019
  2179	6021
  2180	6023
  2181	6026
  2182	6030
  2183	6033
  2184	6035
  2185	6038
  2186	6040
  2187	6042
  2188	6044
  2189	6047
  2190	6050
  2191	6054
  2192	6056
  2193	6059
  2194	6062
  2195	6065
  2196	6068
  2197	6070
  2198	6073
  2199	6076
  2200	6078
  2201	6080
  2202	6083
  2203	6085
  2204	6087
  2205	6090
  2206	6092
  2207	6094
  2208	6096
  2209	6099
  2210	6101
  2211	6105
  2212	6107
  2213	6109
  2214	6111
  2215	6113
  2216	6116
  2217	6119
  2218	6123
  2219	6127
  2220	6130
  2221	6132
  2222	6134
  2223	6136
  2224	6138
  2225	6140
  2226	6142
  2227	6145
  2228	6147
  2229	6150
  2230	6152
  2231	6154
  2232	6156
  2233	6160
  2234	6163
  2235	6167
  2236	6170
  2237	6173
  2238	6175
  2239	6177
  2240	6180
  2241	6182
  2242	6184
  2243	6186
  2244	6189
  2245	6193
  2246	6196
  2247	6199
  2248	6201
  2249	6204
  2250	6206
  2251	6208
  2252	6210
  2253	6213
  2254	6215
  2255	6217
  2256	6220
  2257	6225
  2258	6227
  2259	6230
  2260	6232
  2261	6234
  2262	6237
  2263	6239
  2264	6242
  2265	6244
  2266	6247
  2267	6249
  2268	6251
  2269	6253
  2270	6255
  2271	6258
  2272	6261
  2273	6263
  2274	6266
  2275	6268
  2276	6270
  2277	6273
  2278	6275
  2279	6280
  2280	6284
  2281	6287
  2282	6295
  2283	6299
  2284	6301
  2285	6303
  2286	6307
  2287	6310
  2288	6312
  2289	6314
  2290	6316
  2291	6320
  2292	6325
  2293	6328
  2294	6334
  2295	6337
  2296	6339
  2297	6346
  2298	6348
  2299	6350
  2300	6355
  2301	6358
  2302	6360
  2303	6363
  2304	6369
  2305	6372
  2306	6375
  2307	6378
  2308	6382
  2309	6384
  2310	6387
  2311	6390
  2312	6395
  2313	6397
  2314	6403
  2315	6405
  2316	6407
  2317	6410
  2318	6413
  2319	6415
  2320	6417
  2321	6420
  2322	6422
  2323	6425
  2324	6429
  2325	6431
  2326	6433
  2327	6435
  2328	6437
  2329	6440
  2330	6443
  2331	6447
  2332	6449
  2333	6453
  2334	6455
  2335	6457
  2336	6460
  2337	6462
  2338	6465
  2339	6468
  2340	6475
  2341	6477
  2342	6480
  2343	6482
  2344	6484
  2345	6487
  2346	6489
  2347	6491
  2348	6493
  2349	6496
  2350	6499
  2351	6501
  2352	6503
  2353	6505
  2354	6509
  2355	6511
  2356	6513
  2357	6518
  2358	6520
  2359	6523
  2360	6525
  2361	6528
  2362	6531
  2363	6533
  2364	6536
  2365	6539
  2366	6541
  2367	6543
  2368	6546
  2369	6548
  2370	6550
  2371	6553
  2372	6555
  2373	6558
  2374	6561
  2375	6563
  2376	6565
  2377	6568
  2378	6571
  2379	6573
  2380	6577
  2381	6580
  2382	6583
  2383	6585
  2384	6588
  2385	6591
  2386	6593
  2387	6597
  2388	6599
  2389	6601
  2390	6604
  2391	6607
  2392	6610
  2393	6615
  2394	6617
  2395	6620
  2396	6622
  2397	6624
  2398	6626
  2399	6628
  2400	6631
  2401	6637
  2402	6639
  2403	6642
  2404	6644
  2405	6655
  2406	6658
  2407	6660
  2408	6663
  2409	6665
  2410	6668
  2411	6670
  2412	6673
  2413	6675
  2414	6679
  2415	6682
  2416	6686
  2417	6690
  2418	6692
  2419	6694
  2420	6697
  2421	6699
  2422	6702
  2423	6705
  2424	6707
  2425	6709
  2426	6711
  2427	6714
  2428	6717
  2429	6719
  2430	6722
  2431	6724
  2432	6726
  2433	6729
  2434	6732
  2435	6734
  2436	6736
  2437	6738
  2438	6741
  2439	6743
  2440	6745
  2441	6749
  2442	6751
  2443	6755
  2444	6761
  2445	6769
  2446	6772
  2447	6774
  2448	6776
  2449	6779
  2450	6781
  2451	6784
  2452	6789
  2453	6795
  2454	6797
  2455	6799
  2456	6803
  2457	6805
  2458	6807
  2459	6810
  2460	6812
  2461	6814
  2462	6817
  2463	6819
  2464	6822
  2465	6824
  2466	6827
  2467	6830
  2468	6832
  2469	6834
  2470	6837
  2471	6839
  2472	6841
  2473	6843
  2474	6846
  2475	6849
  2476	6853
  2477	6856
  2478	6858
  2479	6860
  2480	6863
  2481	6866
  2482	6868
  2483	6871
  2484	6874
  2485	6877
  2486	6879
  2487	6881
  2488	6883
  2489	6885
  2490	6888
  2491	6892
  2492	6894
  2493	6897
  2494	6901
  2495	6904
  2496	6910
  2497	6912
  2498	6914
  2499	6917
  2500	6921
  2501	6924
  2502	6926
  2503	6930
  2504	6932
  2505	6935
  2506	6939
  2507	6942
  2508	6944
  2509	6950
  2510	6954
  2511	6956
  2512	6961
  2513	6969
  2514	6971
  2515	6973
  2516	6979
  2517	6982
  2518	6984
  2519	6986
  2520	6990
  2521	6997
  2522	7000
  2523	7002
  2524	7004
  2525	7007
  2526	7009
  2527	7013
  2528	7017
  2529	7020
  2530	7023
  2531	7026
  2532	7028
  2533	7031
  2534	7033
  2535	7035
  2536	7042
  2537	7045
  2538	7049
  2539	7052
  2540	7054
  2541	7056
  2542	7058
  2543	7062
  2544	7064
  2545	7066
  2546	7069
  2547	7071
  2548	7074
  2549	7076
  2550	7079
  2551	7082
  2552	7084
  2553	7089
  2554	7091
  2555	7093
  2556	7095
  2557	7097
  2558	7099
  2559	7101
  2560	7104
  2561	7109
  2562	7111
  2563	7116
  2564	7120
  2565	7123
  2566	7125
  2567	7131
  2568	7136
  2569	7139
  2570	7142
  2571	7144
  2572	7146
  2573	7149
  2574	7153
  2575	7158
  2576	7161
  2577	7164
  2578	7169
  2579	7171
  2580	7175
  2581	7177
  2582	7179
  2583	7181
  2584	7184
  2585	7187
  2586	7190
  2587	7193
  2588	7195
  2589	7197
  2590	7199
  2591	7201
  2592	7203
  2593	7206
  2594	7209
  2595	7211
  2596	7214
  2597	7217
  2598	7220
  2599	7222
  2600	7224
  2601	7227
  2602	7229
  2603	7232
  2604	7234
  2605	7237
  2606	7240
  2607	7242
  2608	7245
  2609	7247
  2610	7250
  2611	7252
  2612	7255
  2613	7259
  2614	7261
  2615	7266
  2616	7269
  2617	7271
  2618	7274
  2619	7277
  2620	7280
  2621	7282
  2622	7286
  2623	7288
  2624	7292
  2625	7294
  2626	7296
  2627	7299
  2628	7301
  2629	7303
  2630	7306
  2631	7309
  2632	7311
  2633	7313
  2634	7316
  2635	7319
  2636	7321
  2637	7323
  2638	7327
  2639	7329
  2640	7331
  2641	7334
  2642	7337
  2643	7339
  2644	7341
  2645	7344
  2646	7346
  2647	7350
  2648	7353
  2649	7358
  2650	7362
  2651	7366
  2652	7369
  2653	7372
  2654	7374
  2655	7376
  2656	7379
  2657	7381
  2658	7384
  2659	7386
  2660	7389
  2661	7392
  2662	7394
  2663	7396
  2664	7398
  2665	7400
  2666	7403
  2667	7406
  2668	7408
  2669	7411
  2670	7414
  2671	7418
  2672	7421
  2673	7424
  2674	7426
  2675	7428
  2676	7431
  2677	7434
  2678	7438
  2679	7440
  2680	7443
  2681	7446
  2682	7449
  2683	7451
  2684	7454
  2685	7456
  2686	7458
  2687	7460
  2688	7462
  2689	7464
  2690	7467
  2691	7474
  2692	7476
  2693	7479
  2694	7481
  2695	7483
  2696	7486
  2697	7492
  2698	7494
  2699	7496
  2700	7498
  2701	7501
  2702	7503
  2703	7507
  2704	7509
  2705	7511
  2706	7514
  2707	7516
  2708	7518
  2709	7521
  2710	7524
  2711	7526
  2712	7528
  2713	7531
  2714	7533
  2715	7535
  2716	7538
  2717	7542
  2718	7544
  2719	7547
  2720	7550
  2721	7553
  2722	7555
  2723	7557
  2724	7559
  2725	7562
  2726	7564
  2727	7566
  2728	7569
  2729	7572
  2730	7574
  2731	7576
  2732	7579
  2733	7581
  2734	7583
  2735	7585
  2736	7587
  2737	7590
  2738	7593
  2739	7595
  2740	7600
  2741	7602
  2742	7604
  2743	7606
  2744	7608
  2745	7611
  2746	7614
  2747	7616
  2748	7620
  2749	7622
  2750	7625
  2751	7627
  2752	7631
  2753	7633
  2754	7635
  2755	7637
  2756	7639
  2757	7642
  2758	7644
  2759	7647
  2760	7649
  2761	7651
  2762	7654
  2763	7656
  2764	7659
  2765	7661
  2766	7664
  2767	7666
  2768	7668
  2769	7670
  2770	7672
  2771	7675
  2772	7678
  2773	7680
  2774	7683
  2775	7685
  2776	7688
  2777	7691
  2778	7694
  2779	7697
  2780	7699
  2781	7702
  2782	7704
  2783	7706
  2784	7710
  2785	7712
  2786	7715
  2787	7718
  2788	7720
  2789	7722
  2790	7724
  2791	7727
  2792	7729
  2793	7731
  2794	7734
  2795	7736
  2796	7738
  2797	7741
  2798	7744
  2799	7746
  2800	7748
  2801	7750
  2802	7753
  2803	7755
  2804	7759
  2805	7761
  2806	7764
  2807	7766
  2808	7768
  2809	7770
  2810	7773
  2811	7775
  2812	7778
  2813	7780
  2814	7782
  2815	7785
  2816	7787
  2817	7790
  2818	7793
  2819	7795
  2820	7797
  2821	7802
  2822	7804
  2823	7807
  2824	7811
  2825	7814
  2826	7816
  2827	7820
  2828	7822
  2829	7824
  2830	7827
  2831	7829
  2832	7831
  2833	7833
  2834	7836
  2835	7839
  2836	7841
  2837	7844
  2838	7846
  2839	7848
  2840	7851
  2841	7853
  2842	7856
  2843	7859
  2844	7861
  2845	7863
  2846	7866
  2847	7868
  2848	7870
  2849	7873
  2850	7875
  2851	7877
  2852	7880
  2853	7883
  2854	7886
  2855	7888
  2856	7891
  2857	7893
  2858	7895
  2859	7897
  2860	7900
  2861	7902
  2862	7904
  2863	7907
  2864	7909
  2865	7912
  2866	7914
  2867	7917
  2868	7919
  2869	7921
  2870	7923
  2871	7925
  2872	7929
  2873	7932
  2874	7934
  2875	7936
  2876	7939
  2877	7942
  2878	7944
  2879	7946
  2880	7949
  2881	7951
  2882	7953
  2883	7957
  2884	7961
  2885	7964
  2886	7968
  2887	7970
  2888	7972
  2889	7975
  2890	7979
  2891	7982
  2892	7984
  2893	7986
  2894	7989
  2895	7992
  2896	7994
  2897	7998
  2898	8000
  2899	8002
  2900	8004
  2901	8007
  2902	8010
  2903	8013
  2904	8015
  2905	8017
  2906	8019
  2907	8021
  2908	8024
  2909	8026
  2910	8028
  2911	8031
  2912	8033
  2913	8035
  2914	8038
  2915	8041
  2916	8043
  2917	8046
  2918	8048
  2919	8051
  2920	8053
  2921	8055
  2922	8058
  2923	8060
  2924	8063
  2925	8066
  2926	8068
  2927	8070
  2928	8072
  2929	8075
  2930	8078
  2931	8080
  2932	8082
  2933	8084
  2934	8086
  2935	8088
  2936	8091
  2937	8093
  2938	8098
  2939	8101
  2940	8104
  2941	8106
  2942	8111
  2943	8113
  2944	8116
  2945	8119
  2946	8122
  2947	8124
  2948	8129
  2949	8132
  2950	8134
  2951	8137
  2952	8143
  2953	8146
  2954	8148
  2955	8152
  2956	8158
  2957	8160
  2958	8162
  2959	8164
  2960	8168
  2961	8170
  2962	8172
  2963	8174
  2964	8177
  2965	8179
  2966	8181
  2967	8185
  2968	8188
  2969	8192
  2970	8194
  2971	8196
  2972	8198
  2973	8201
  2974	8205
  2975	8208
  2976	8210
  2977	8213
  2978	8217
  2979	8222
  2980	8225
  2981	8228
  2982	8230
  2983	8235
  2984	8237
  2985	8240
  2986	8243
  2987	8245
  2988	8247
  2989	8249
  2990	8252
  2991	8254
  2992	8258
  2993	8262
  2994	8264
  2995	8267
  2996	8270
  2997	8273
  2998	8275
  2999	8277
  3000	8279
  3001	8282
  3002	8284
  3003	8287
  3004	8290
  3005	8292
  3006	8297
  3007	8299
  3008	8301
  3009	8303
  3010	8306
  3011	8308
  3012	8311
  3013	8314
  3014	8317
  3015	8319
  3016	8321
  3017	8325
  3018	8327
  3019	8332
  3020	8334
  3021	8337
  3022	8339
  3023	8342
  3024	8345
  3025	8347
  3026	8350
  3027	8352
  3028	8355
  3029	8358
  3030	8360
  3031	8363
  3032	8365
  3033	8369
  3034	8373
  3035	8376
  3036	8378
  3037	8381
  3038	8384
  3039	8387
  3040	8390
  3041	8392
  3042	8394
  3043	8397
  3044	8399
  3045	8401
  3046	8403
  3047	8407
  3048	8409
  3049	8411
  3050	8416
  3051	8418
  3052	8421
  3053	8423
  3054	8426
  3055	8429
  3056	8437
  3057	8441
  3058	8443
  3059	8447
  3060	8451
  3061	8454
  3062	8456
  3063	8459
  3064	8462
  3065	8464
  3066	8467
  3067	8470
  3068	8472
  3069	8476
  3070	8478
  3071	8480
  3072	8483
  3073	8485
  3074	8487
  3075	8490
  3076	8494
  3077	8497
  3078	8499
  3079	8501
  3080	8504
  3081	8507
  3082	8509
  3083	8512
  3084	8514
  3085	8517
  3086	8521
  3087	8523
  3088	8527
  3089	8532
  3090	8535
  3091	8539
  3092	8542
  3093	8545
  3094	8549
  3095	8551
  3096	8553
  3097	8555
  3098	8558
  3099	8560
  3100	8563
  3101	8565
  3102	8568
  3103	8570
  3104	8572
  3105	8574
  3106	8577
  3107	8581
  3108	8583
  3109	8585
  3110	8589
  3111	8591
  3112	8595
  3113	8597
  3114	8600
  3115	8603
  3116	8605
  3117	8610
  3118	8612
  3119	8614
  3120	8616
  3121	8620
  3122	8624
  3123	8627
  3124	8630
  3125	8632
  3126	8634
  3127	8637
  3128	8640
  3129	8642
  3130	8644
  3131	8647
  3132	8650
  3133	8652
  3134	8654
  3135	8656
  3136	8659
  3137	8661
  3138	8664
  3139	8666
  3140	8668
  3141	8672
  3142	8674
  3143	8676
  3144	8680
  3145	8683
  3146	8687
  3147	8691
  3148	8694
  3149	8696
  3150	8698
  3151	8702
  3152	8704
  3153	8707
  3154	8709
  3155	8712
  3156	8715
  3157	8718
  3158	8720
  3159	8722
  3160	8724
  3161	8727
  3162	8729
  3163	8731
  3164	8733
  3165	8736
  3166	8739
  3167	8744
  3168	8746
  3169	8748
  3170	8751
  3171	8754
  3172	8759
  3173	8761
  3174	8763
  3175	8770
  3176	8773
  3177	8779
  3178	8781
  3179	8783
  3180	8785
  3181	8788
  3182	8790
  3183	8793
  3184	8796
  3185	8802
  3186	8804
  3187	8807
  3188	8810
  3189	8812
  3190	8814
  3191	8817
  3192	8819
  3193	8822
  3194	8825
  3195	8829
  3196	8831
  3197	8833
  3198	8835
  3199	8837
  3200	8839
  3201	8841
  3202	8844
  3203	8847
  3204	8849
  3205	8852
  3206	8854
  3207	8856
  3208	8858
  3209	8861
  3210	8865
  3211	8867
  3212	8870
  3213	8872
  3214	8875
  3215	8877
  3216	8880
  3217	8883
  3218	8889
  3219	8892
  3220	8895
  3221	8897
  3222	8899
  3223	8902
  3224	8905
  3225	8907
  3226	8911
  3227	8913
  3228	8917
  3229	8919
  3230	8922
  3231	8924
  3232	8926
  3233	8928
  3234	8931
  3235	8934
  3236	8936
  3237	8938
  3238	8941
  3239	8943
  3240	8945
  3241	8948
  3242	8951
  3243	8953
  3244	8955
  3245	8957
  3246	8959
  3247	8962
  3248	8965
  3249	8967
  3250	8971
  3251	8973
  3252	8976
  3253	8979
  3254	8983
  3255	8986
  3256	8988
  3257	8991
  3258	8994
  3259	8996
  3260	8998
  3261	9000
  3262	9002
  3263	9004
  3264	9007
  3265	9010
  3266	9015
  3267	9018
  3268	9021
  3269	9023
  3270	9025
  3271	9028
  3272	9030
  3273	9034
  3274	9038
  3275	9040
  3276	9043
  3277	9045
  3278	9047
  3279	9049
  3280	9052
  3281	9057
  3282	9060
  3283	9062
  3284	9065
  3285	9067
  3286	9069
  3287	9072
  3288	9074
  3289	9076
  3290	9079
  3291	9081
  3292	9085
  3293	9087
  3294	9089
  3295	9091
  3296	9095
  3297	9097
  3298	9099
  3299	9103
  3300	9105
  3301	9109
  3302	9111
  3303	9114
  3304	9117
  3305	9119
  3306	9123
  3307	9125
  3308	9127
  3309	9131
  3310	9133
  3311	9136
  3312	9138
  3313	9140
  3314	9143
  3315	9145
  3316	9147
  3317	9149
  3318	9151
  3319	9154
  3320	9157
  3321	9159
  3322	9162
  3323	9164
  3324	9166
  3325	9169
  3326	9172
  3327	9175
  3328	9179
  3329	9181
  3330	9183
  3331	9185
  3332	9187
  3333	9189
  3334	9191
  3335	9194
  3336	9197
  3337	9200
  3338	9202
  3339	9204
  3340	9206
  3341	9208
  3342	9211
  3343	9213
  3344	9217
  3345	9220
  3346	9222
  3347	9225
  3348	9228
  3349	9231
  3350	9233
  3351	9235
  3352	9237
  3353	9240
  3354	9242
  3355	9245
  3356	9247
  3357	9249
  3358	9252
  3359	9255
  3360	9257
  3361	9260
  3362	9262
  3363	9264
  3364	9267
  3365	9270
  3366	9275
  3367	9277
  3368	9280
  3369	9283
  3370	9288
  3371	9290
  3372	9292
  3373	9294
  3374	9297
  3375	9299
  3376	9301
  3377	9304
  3378	9306
  3379	9308
  3380	9311
  3381	9313
  3382	9315
  3383	9318
  3384	9321
  3385	9323
  3386	9326
  3387	9329
  3388	9333
  3389	9335
  3390	9338
  3391	9342
  3392	9344
  3393	9347
  3394	9349
  3395	9351
  3396	9354
  3397	9357
  3398	9359
  3399	9362
  3400	9365
  3401	9368
  3402	9371
  3403	9373
  3404	9376
  3405	9379
  3406	9382
  3407	9385
  3408	9387
  3409	9389
  3410	9392
  3411	9394
  3412	9397
  3413	9399
  3414	9401
  3415	9403
  3416	9406
  3417	9408
  3418	9410
  3419	9414
  3420	9416
  3421	9420
  3422	9422
  3423	9425
  3424	9428
  3425	9430
  3426	9433
  3427	9437
  3428	9439
  3429	9442
  3430	9444
  3431	9452
  3432	9455
  3433	9458
  3434	9460
  3435	9463
  3436	9467
  3437	9469
  3438	9472
  3439	9475
  3440	9480
  3441	9482
  3442	9484
  3443	9487
  3444	9489
  3445	9495
  3446	9498
  3447	9501
  3448	9508
  3449	9511
  3450	9513
  3451	9516
  3452	9518
  3453	9521
  3454	9523
  3455	9526
  3456	9529
  3457	9533
  3458	9536
  3459	9538
  3460	9541
  3461	9543
  3462	9550
  3463	9552
  3464	9555
  3465	9557
  3466	9560
  3467	9564
  3468	9567
  3469	9570
  3470	9572
  3471	9577
  3472	9580
  3473	9583
  3474	9586
  3475	9589
  3476	9592
  3477	9594
  3478	9596
  3479	9599
  3480	9602
  3481	9606
  3482	9609
  3483	9611
  3484	9613
  3485	9615
  3486	9617
  3487	9619
  3488	9622
  3489	9624
  3490	9626
  3491	9629
  3492	9632
  3493	9635
  3494	9637
  3495	9640
  3496	9642
  3497	9647
  3498	9650
  3499	9652
  3500	9654
  3501	9658
  3502	9662
  3503	9666
  3504	9669
  3505	9671
  3506	9673
  3507	9675
  3508	9677
  3509	9679
  3510	9681
  3511	9683
  3512	9686
  3513	9689
  3514	9691
  3515	9695
  3516	9697
  3517	9700
  3518	9702
  3519	9704
  3520	9706
  3521	9709
  3522	9711
  3523	9713
  3524	9717
  3525	9720
  3526	9723
  3527	9727
  3528	9731
  3529	9734
  3530	9738
  3531	9740
  3532	9742
  3533	9744
  3534	9746
  3535	9749
  3536	9752
  3537	9755
  3538	9757
  3539	9759
  3540	9761
  3541	9763
  3542	9766
  3543	9768
  3544	9770
  3545	9773
  3546	9775
  3547	9777
  3548	9779
  3549	9781
  3550	9784
  3551	9786
  3552	9788
  3553	9790
  3554	9793
  3555	9795
  3556	9797
  3557	9800
  3558	9802
  3559	9805
  3560	9807
  3561	9810
  3562	9812
  3563	9814
  3564	9817
  3565	9820
  3566	9823
  3567	9825
  3568	9828
  3569	9830
  3570	9832
  3571	9834
  3572	9837
  3573	9839
  3574	9841
  3575	9843
  3576	9847
  3577	9849
  3578	9851
  3579	9855
  3580	9858
  3581	9862
  3582	9864
  3583	9866
  3584	9869
  3585	9871
  3586	9874
  3587	9876
  3588	9879
  3589	9882
  3590	9886
  3591	9890
  3592	9893
  3593	9895
  3594	9897
  3595	9899
  3596	9901
  3597	9904
  3598	9906
  3599	9908
  3600	9911
  3601	9914
  3602	9916
  3603	9920
  3604	9924
  3605	9926
  3606	9929
  3607	9932
  3608	9934
  3609	9940
  3610	9946
  3611	9948
  3612	9950
  3613	9952
  3614	9954
  3615	9957
  3616	9959
  3617	9962
  3618	9965
  3619	9971
  3620	9973
  3621	9975
  3622	9978
  3623	9981
  3624	9983
  3625	9985
  3626	9987
  3627	9989
  3628	9991
  3629	9994
  3630	9997
