     1	504
     2	629
     3	748
     4	787
     5	795
     6	797
     7	799
     8	874
     9	888
    10	942
    11	944
    12	957
    13	963
    14	1284
    15	1379
    16	1381
    17	1385
    18	1426
    19	1535
    20	1594
    21	1836
    22	1859
    23	2071
    24	2350
    25	2391
    26	2397
    27	2499
    28	2523
    29	2647
    30	2664
    31	2931
    32	2998
    33	3029
    34	3079
    35	3302
    36	3330
    37	3369
    38	3372
    39	3554
    40	3588
    41	3618
    42	3841
    43	3857
    44	4526
    45	4600
    46	4623
    47	4638
    48	4665
    49	4769
    50	4918
    51	4952
    52	5162
    53	5317
    54	5323
    55	5359
    56	5379
    57	5880
    58	5992
    59	6014
    60	6043
    61	6279
    62	6492
    63	6547
    64	6638
    65	7048
    66	7213
    67	7231
    68	7584
    69	7621
    70	7852
    71	7922
    72	7924
    73	7950
    74	7971
    75	8003
    76	8047
    77	8573
    78	8840
    79	8857
    80	8956
    81	8958
    82	9537
    83	9701
    84	9716
    85	9794
