     1	91
     2	96
     3	97
     4	141
     5	150
     6	151
     7	164
     8	189
     9	196
    10	209
    11	236
    12	253
    13	393
    14	416
    15	426
    16	474
    17	477
    18	528
    19	543
    20	605
    21	635
    22	656
    23	675
    24	697
    25	716
    26	738
    27	757
    28	831
    29	861
    30	978
    31	995
    32	1042
    33	1045
    34	1073
    35	1119
    36	1148
    37	1189
    38	1221
    39	1265
    40	1290
    41	1299
    42	1305
    43	1308
    44	1326
    45	1345
    46	1349
    47	1399
    48	1430
    49	1452
    50	1471
    51	1512
    52	1537
    53	1540
    54	1586
    55	1587
    56	1588
    57	1615
    58	1636
    59	1738
    60	1746
    61	1786
    62	1799
    63	1874
    64	2016
    65	2047
    66	2112
    67	2147
    68	2191
    69	2218
    70	2235
    71	2261
    72	2280
    73	2306
    74	2339
    75	2389
    76	2418
    77	2437
    78	2446
    79	2467
    80	2592
    81	2678
    82	2687
    83	2717
    84	2819
    85	2822
    86	2850
    87	2887
    88	2896
    89	2916
    90	2956
    91	2996
    92	3005
    93	3018
    94	3056
    95	3107
    96	3108
    97	3182
    98	3204
    99	3266
   100	3344
   101	3398
   102	3408
   103	3461
   104	3507
   105	3519
   106	3548
   107	3556
   108	3578
   109	3661
   110	3698
   111	3750
   112	3769
   113	3794
   114	3797
   115	3820
   116	3928
   117	3938
   118	3948
   119	4056
   120	4070
   121	4083
   122	4133
   123	4164
   124	4173
   125	4226
   126	4312
   127	4325
   128	4332
   129	4343
   130	4392
   131	4426
   132	4453
   133	4494
   134	4497
   135	4563
   136	4573
   137	4690
   138	4718
   139	4829
   140	4841
   141	4878
   142	4954
   143	4980
   144	5008
   145	5070
   146	5107
   147	5130
   148	5142
   149	5181
   150	5376
   151	5441
   152	5483
   153	5485
   154	5537
   155	5543
   156	5549
   157	5569
   158	5593
   159	5618
   160	5648
   161	5656
   162	5697
   163	5711
   164	5721
   165	5778
   166	5835
   167	5859
   168	6052
   169	6063
   170	6071
   171	6168
   172	6218
   173	6223
   174	6285
   175	6292
   176	6304
   177	6323
   178	6329
   179	6331
   180	6332
   181	6352
   182	6356
   183	6373
   184	6376
   185	6393
   186	6423
   187	6426
   188	6471
   189	6526
   190	6544
   191	6574
   192	6578
   193	6608
   194	6633
   195	6661
   196	6677
   197	6756
   198	6763
   199	6765
   200	6766
   201	6785
   202	6793
   203	6861
   204	6906
   205	6940
   206	6959
   207	6962
   208	6994
   209	6995
   210	7047
   211	7102
   212	7128
   213	7129
   214	7155
   215	7162
   216	7225
   217	7248
   218	7263
   219	7278
   220	7284
   221	7356
   222	7363
   223	7419
   224	7477
   225	7484
   226	7536
   227	7545
   228	7609
   229	7623
   230	7628
   231	7662
   232	7692
   233	7716
   234	7771
   235	7798
   236	7812
   237	7962
   238	7987
   239	7990
   240	8061
   241	8109
   242	8130
   243	8141
   244	8149
   245	8150
   246	8190
   247	8214
   248	8233
   249	8265
   250	8322
   251	8330
   252	8340
   253	8374
   254	8382
   255	8427
   256	8444
   257	8445
   258	8448
   259	8505
   260	8529
   261	8530
   262	8540
   263	8575
   264	8601
   265	8688
   266	8710
   267	8771
   268	8776
   269	8777
   270	8800
   271	8868
   272	8903
   273	8914
   274	8981
   275	9005
   276	9036
   277	9050
   278	9063
   279	9115
   280	9176
   281	9253
   282	9284
   283	9309
   284	9336
   285	9374
   286	9431
   287	9456
   288	9461
   289	9478
   290	9499
   291	9502
   292	9514
   293	9553
   294	9558
   295	9561
   296	9578
   297	9753
   298	9826
   299	9844
   300	9880
   301	9909
   302	9917
   303	9960
   304	9976
   305	9979
