     1	6
     2	8
     3	20
     4	26
     5	33
     6	37
     7	42
     8	47
     9	56
    10	69
    11	73
    12	89
    13	93
    14	98
    15	115
    16	123
    17	127
    18	131
    19	142
    20	152
    21	155
    22	165
    23	168
    24	172
    25	180
    26	187
    27	194
    28	205
    29	211
    30	223
    31	226
    32	233
    33	237
    34	249
    35	259
    36	262
    37	266
    38	282
    39	289
    40	296
    41	299
    42	311
    43	314
    44	321
    45	324
    46	329
    47	332
    48	339
    49	344
    50	347
    51	361
    52	377
    53	384
    54	387
    55	397
    56	404
    57	409
    58	417
    59	424
    60	427
    61	433
    62	440
    63	443
    64	454
    65	457
    66	465
    67	468
    68	475
    69	478
    70	487
    71	502
    72	509
    73	511
    74	515
    75	523
    76	526
    77	530
    78	538
    79	544
    80	561
    81	574
    82	583
    83	587
    84	591
    85	599
    86	602
    87	610
    88	616
    89	619
    90	626
    91	633
    92	644
    93	647
    94	653
    95	657
    96	661
    97	667
    98	676
    99	681
   100	685
   101	698
   102	701
   103	710
   104	717
   105	724
   106	731
   107	734
   108	739
   109	745
   110	752
   111	765
   112	773
   113	779
   114	802
   115	805
   116	810
   117	822
   118	825
   119	829
   120	832
   121	841
   122	846
   123	851
   124	853
   125	862
   126	865
   127	877
   128	880
   129	893
   130	900
   131	903
   132	909
   133	920
   134	924
   135	928
   136	949
   137	952
   138	965
   139	968
   140	974
   141	983
   142	993
   143	996
   144	1005
   145	1008
   146	1018
   147	1033
   148	1036
   149	1043
   150	1046
   151	1054
   152	1057
   153	1063
   154	1069
   155	1080
   156	1095
   157	1103
   158	1108
   159	1128
   160	1131
   161	1140
   162	1143
   163	1149
   164	1153
   165	1158
   166	1162
   167	1167
   168	1173
   169	1178
   170	1187
   171	1199
   172	1202
   173	1212
   174	1215
   175	1223
   176	1231
   177	1234
   178	1244
   179	1252
   180	1255
   181	1266
   182	1269
   183	1277
   184	1291
   185	1301
   186	1309
   187	1312
   188	1316
   189	1327
   190	1336
   191	1347
   192	1350
   193	1358
   194	1361
   195	1370
   196	1373
   197	1388
   198	1392
   199	1400
   200	1414
   201	1422
   202	1431
   203	1436
   204	1444
   205	1450
   206	1458
   207	1463
   208	1474
   209	1478
   210	1489
   211	1494
   212	1500
   213	1510
   214	1513
   215	1519
   216	1523
   217	1527
   218	1538
   219	1541
   220	1550
   221	1563
   222	1575
   223	1579
   224	1582
   225	1597
   226	1600
   227	1609
   228	1612
   229	1633
   230	1637
   231	1651
   232	1657
   233	1660
   234	1671
   235	1677
   236	1688
   237	1694
   238	1711
   239	1720
   240	1723
   241	1729
   242	1736
   243	1739
   244	1754
   245	1757
   246	1761
   247	1766
   248	1769
   249	1773
   250	1780
   251	1787
   252	1792
   253	1800
   254	1809
   255	1815
   256	1828
   257	1831
   258	1839
   259	1848
   260	1853
   261	1862
   262	1868
   263	1875
   264	1878
   265	1883
   266	1888
   267	1892
   268	1901
   269	1908
   270	1911
   271	1918
   272	1929
   273	1937
   274	1944
   275	1951
   276	1956
   277	1963
   278	1966
   279	1979
   280	1987
   281	1995
   282	2012
   283	2018
   284	2027
   285	2030
   286	2036
   287	2039
   288	2048
   289	2051
   290	2062
   291	2065
   292	2074
   293	2081
   294	2084
   295	2093
   296	2099
   297	2108
   298	2113
   299	2116
   300	2130
   301	2133
   302	2140
   303	2149
   304	2168
   305	2171
   306	2192
   307	2198
   308	2202
   309	2206
   310	2214
   311	2222
   312	2232
   313	2238
   314	2245
   315	2253
   316	2262
   317	2265
   318	2274
   319	2281
   320	2285
   321	2295
   322	2298
   323	2304
   324	2312
   325	2315
   326	2319
   327	2323
   328	2328
   329	2340
   330	2343
   331	2353
   332	2358
   333	2361
   334	2372
   335	2378
   336	2384
   337	2395
   338	2400
   339	2403
   340	2408
   341	2416
   342	2432
   343	2447
   344	2450
   345	2462
   346	2468
   347	2487
   348	2490
   349	2497
   350	2502
   351	2514
   352	2521
   353	2538
   354	2549
   355	2556
   356	2559
   357	2564
   358	2572
   359	2580
   360	2587
   361	2590
   362	2605
   363	2608
   364	2619
   365	2622
   366	2630
   367	2634
   368	2641
   369	2650
   370	2655
   371	2672
   372	2675
   373	2682
   374	2699
   375	2705
   376	2708
   377	2718
   378	2725
   379	2728
   380	2733
   381	2745
   382	2748
   383	2756
   384	2760
   385	2765
   386	2775
   387	2778
   388	2784
   389	2787
   390	2798
   391	2801
   392	2810
   393	2817
   394	2820
   395	2830
   396	2840
   397	2845
   398	2851
   399	2854
   400	2867
   401	2870
   402	2879
   403	2885
   404	2888
   405	2894
   406	2905
   407	2908
   408	2917
   409	2920
   410	2936
   411	2945
   412	2949
   413	2952
   414	2962
   415	2964
   416	2968
   417	2976
   418	2990
   419	2993
   420	3006
   421	3009
   422	3020
   423	3032
   424	3036
   425	3040
   426	3049
   427	3076
   428	3084
   429	3095
   430	3101
   431	3104
   432	3109
   433	3120
   434	3125
   435	3129
   436	3134
   437	3137
   438	3144
   439	3151
   440	3154
   441	3162
   442	3169
   443	3177
   444	3189
   445	3197
   446	3206
   447	3218
   448	3224
   449	3233
   450	3238
   451	3244
   452	3251
   453	3257
   454	3264
   455	3267
   456	3276
   457	3279
   458	3282
   459	3297
   460	3305
   461	3317
   462	3324
   463	3335
   464	3345
   465	3352
   466	3355
   467	3361
   468	3364
   469	3379
   470	3384
   471	3388
   472	3391
   473	3399
   474	3402
   475	3409
   476	3418
   477	3424
   478	3444
   479	3450
   480	3456
   481	3474
   482	3480
   483	3502
   484	3508
   485	3517
   486	3530
   487	3538
   488	3542
   489	3550
   490	3558
   491	3562
   492	3576
   493	3579
   494	3591
   495	3594
   496	3607
   497	3612
   498	3616
   499	3624
   500	3628
   501	3636
   502	3649
   503	3654
   504	3662
   505	3668
   506	3671
   507	3679
   508	3682
   509	3689
   510	3694
   511	3710
   512	3714
   513	3718
   514	3727
   515	3741
   516	3748
   517	3754
   518	3759
   519	3766
   520	3772
   521	3779
   522	3782
   523	3788
   524	3791
   525	3802
   526	3811
   527	3818
   528	3821
   529	3826
   530	3839
   531	3851
   532	3860
   533	3870
   534	3873
   535	3880
   536	3895
   537	3905
   538	3910
   539	3914
   540	3919
   541	3929
   542	3936
   543	3945
   544	3955
   545	3958
   546	3970
   547	3973
   548	3980
   549	3983
   550	3990
   551	3999
   552	4008
   553	4011
   554	4024
   555	4027
   556	4030
   557	4037
   558	4040
   559	4047
   560	4057
   561	4066
   562	4071
   563	4076
   564	4079
   565	4091
   566	4098
   567	4104
   568	4113
   569	4118
   570	4124
   571	4131
   572	4144
   573	4147
   574	4157
   575	4160
   576	4166
   577	4180
   578	4183
   579	4190
   580	4197
   581	4200
   582	4209
   583	4217
   584	4224
   585	4227
   586	4237
   587	4255
   588	4262
   589	4265
   590	4276
   591	4284
   592	4292
   593	4303
   594	4313
   595	4316
   596	4326
   597	4333
   598	4341
   599	4346
   600	4361
   601	4364
   602	4373
   603	4379
   604	4388
   605	4393
   606	4396
   607	4405
   608	4416
   609	4423
   610	4429
   611	4436
   612	4441
   613	4462
   614	4470
   615	4474
   616	4478
   617	4485
   618	4495
   619	4498
   620	4509
   621	4512
   622	4524
   623	4532
   624	4537
   625	4540
   626	4553
   627	4558
   628	4564
   629	4567
   630	4574
   631	4581
   632	4583
   633	4587
   634	4593
   635	4596
   636	4603
   637	4607
   638	4615
   639	4626
   640	4636
   641	4647
   642	4654
   643	4663
   644	4671
   645	4684
   646	4691
   647	4699
   648	4707
   649	4719
   650	4725
   651	4728
   652	4739
   653	4746
   654	4753
   655	4756
   656	4763
   657	4772
   658	4782
   659	4785
   660	4792
   661	4797
   662	4806
   663	4809
   664	4818
   665	4822
   666	4825
   667	4831
   668	4835
   669	4845
   670	4862
   671	4873
   672	4879
   673	4888
   674	4891
   675	4899
   676	4902
   677	4909
   678	4915
   679	4922
   680	4933
   681	4943
   682	4955
   683	4958
   684	4973
   685	4975
   686	4982
   687	4990
   688	4993
   689	4997
   690	5006
   691	5015
   692	5024
   693	5031
   694	5038
   695	5052
   696	5055
   697	5060
   698	5065
   699	5071
   700	5080
   701	5097
   702	5100
   703	5105
   704	5108
   705	5111
   706	5118
   707	5131
   708	5140
   709	5143
   710	5156
   711	5167
   712	5175
   713	5190
   714	5211
   715	5214
   716	5221
   717	5226
   718	5229
   719	5242
   720	5247
   721	5253
   722	5256
   723	5269
   724	5280
   725	5288
   726	5292
   727	5297
   728	5305
   729	5315
   730	5326
   731	5329
   732	5343
   733	5348
   734	5356
   735	5363
   736	5368
   737	5371
   738	5377
   739	5386
   740	5389
   741	5395
   742	5405
   743	5412
   744	5421
   745	5427
   746	5439
   747	5442
   748	5452
   749	5465
   750	5469
   751	5475
   752	5489
   753	5518
   754	5529
   755	5538
   756	5541
   757	5547
   758	5550
   759	5556
   760	5559
   761	5579
   762	5587
   763	5594
   764	5600
   765	5608
   766	5613
   767	5621
   768	5641
   769	5644
   770	5653
   771	5661
   772	5668
   773	5671
   774	5677
   775	5685
   776	5698
   777	5701
   778	5705
   779	5712
   780	5715
   781	5722
   782	5725
   783	5737
   784	5740
   785	5747
   786	5750
   787	5758
   788	5763
   789	5769
   790	5772
   791	5785
   792	5793
   793	5801
   794	5813
   795	5817
   796	5826
   797	5830
   798	5833
   799	5843
   800	5847
   801	5852
   802	5855
   803	5864
   804	5872
   805	5883
   806	5886
   807	5893
   808	5896
   809	5903
   810	5906
   811	5913
   812	5922
   813	5932
   814	5935
   815	5942
   816	5945
   817	5957
   818	5960
   819	5967
   820	5974
   821	5981
   822	5984
   823	5995
   824	5999
   825	6002
   826	6011
   827	6018
   828	6022
   829	6025
   830	6032
   831	6046
   832	6049
   833	6053
   834	6072
   835	6082
   836	6089
   837	6098
   838	6103
   839	6106
   840	6110
   841	6115
   842	6118
   843	6125
   844	6133
   845	6137
   846	6144
   847	6149
   848	6159
   849	6165
   850	6176
   851	6188
   852	6191
   853	6203
   854	6212
   855	6219
   856	6229
   857	6236
   858	6246
   859	6257
   860	6260
   861	6272
   862	6286
   863	6294
   864	6305
   865	6313
   866	6319
   867	6324
   868	6327
   869	6338
   870	6345
   871	6368
   872	6386
   873	6389
   874	6399
   875	6401
   876	6406
   877	6412
   878	6419
   879	6427
   880	6430
   881	6434
   882	6439
   883	6442
   884	6451
   885	6456
   886	6464
   887	6467
   888	6470
   889	6476
   890	6486
   891	6495
   892	6498
   893	6507
   894	6512
   895	6517
   896	6527
   897	6530
   898	6538
   899	6545
   900	6557
   901	6560
   902	6567
   903	6576
   904	6579
   905	6587
   906	6590
   907	6596
   908	6609
   909	6619
   910	6630
   911	6648
   912	6659
   913	6672
   914	6678
   915	6689
   916	6701
   917	6704
   918	6713
   919	6716
   920	6728
   921	6735
   922	6740
   923	6747
   924	6750
   925	6764
   926	6775
   927	6778
   928	6787
   929	6798
   930	6809
   931	6816
   932	6826
   933	6829
   934	6836
   935	6845
   936	6848
   937	6851
   938	6862
   939	6865
   940	6873
   941	6876
   942	6887
   943	6890
   944	6900
   945	6903
   946	6908
   947	6913
   948	6920
   949	6923
   950	6929
   951	6937
   952	6953
   953	6960
   954	6967
   955	6972
   956	6977
   957	6981
   958	6985
   959	6989
   960	7011
   961	7015
   962	7022
   963	7025
   964	7030
   965	7037
   966	7041
   967	7044
   968	7051
   969	7061
   970	7073
   971	7078
   972	7081
   973	7087
   974	7096
   975	7103
   976	7115
   977	7122
   978	7133
   979	7141
   980	7145
   981	7152
   982	7157
   983	7163
   984	7178
   985	7183
   986	7186
   987	7196
   988	7205
   989	7208
   990	7216
   991	7226
   992	7236
   993	7239
   994	7249
   995	7264
   996	7268
   997	7276
   998	7285
   999	7291
  1000	7305
  1001	7308
  1002	7315
  1003	7318
  1004	7325
  1005	7330
  1006	7336
  1007	7349
  1008	7352
  1009	7365
  1010	7368
  1011	7378
  1012	7388
  1013	7395
  1014	7402
  1015	7405
  1016	7410
  1017	7417
  1018	7425
  1019	7430
  1020	7433
  1021	7442
  1022	7445
  1023	7453
  1024	7466
  1025	7471
  1026	7473
  1027	7485
  1028	7491
  1029	7500
  1030	7506
  1031	7520
  1032	7523
  1033	7537
  1034	7546
  1035	7561
  1036	7568
  1037	7571
  1038	7578
  1039	7589
  1040	7592
  1041	7599
  1042	7610
  1043	7613
  1044	7624
  1045	7629
  1046	7632
  1047	7636
  1048	7641
  1049	7653
  1050	7658
  1051	7669
  1052	7674
  1053	7677
  1054	7682
  1055	7701
  1056	7709
  1057	7717
  1058	7726
  1059	7733
  1060	7740
  1061	7743
  1062	7752
  1063	7758
  1064	7767
  1065	7772
  1066	7784
  1067	7789
  1068	7796
  1069	7800
  1070	7810
  1071	7819
  1072	7832
  1073	7835
  1074	7838
  1075	7850
  1076	7865
  1077	7872
  1078	7879
  1079	7882
  1080	7890
  1081	7899
  1082	7906
  1083	7916
  1084	7927
  1085	7931
  1086	7935
  1087	7948
  1088	7956
  1089	7963
  1090	7969
  1091	7978
  1092	7981
  1093	7988
  1094	7991
  1095	8006
  1096	8012
  1097	8023
  1098	8030
  1099	8045
  1100	8057
  1101	8069
  1102	8074
  1103	8077
  1104	8090
  1105	8097
  1106	8108
  1107	8112
  1108	8121
  1109	8142
  1110	8145
  1111	8151
  1112	8157
  1113	8166
  1114	8173
  1115	8184
  1116	8187
  1117	8195
  1118	8200
  1119	8207
  1120	8221
  1121	8232
  1122	8236
  1123	8251
  1124	8257
  1125	8261
  1126	8281
  1127	8286
  1128	8289
  1129	8295
  1130	8300
  1131	8310
  1132	8313
  1133	8320
  1134	8324
  1135	8331
  1136	8341
  1137	8344
  1138	8354
  1139	8357
  1140	8368
  1141	8371
  1142	8389
  1143	8396
  1144	8405
  1145	8410
  1146	8415
  1147	8428
  1148	8431
  1149	8440
  1150	8446
  1151	8458
  1152	8461
  1153	8469
  1154	8477
  1155	8482
  1156	8493
  1157	8496
  1158	8503
  1159	8506
  1160	8516
  1161	8522
  1162	8526
  1163	8544
  1164	8557
  1165	8567
  1166	8576
  1167	8579
  1168	8594
  1169	8607
  1170	8613
  1171	8619
  1172	8626
  1173	8629
  1174	8636
  1175	8639
  1176	8646
  1177	8653
  1178	8658
  1179	8667
  1180	8670
  1181	8675
  1182	8679
  1183	8682
  1184	8689
  1185	8693
  1186	8697
  1187	8711
  1188	8726
  1189	8735
  1190	8738
  1191	8750
  1192	8769
  1193	8772
  1194	8787
  1195	8792
  1196	8795
  1197	8806
  1198	8809
  1199	8816
  1200	8827
  1201	8832
  1202	8836
  1203	8843
  1204	8846
  1205	8860
  1206	8869
  1207	8882
  1208	8887
  1209	8896
  1210	8901
  1211	8904
  1212	8910
  1213	8918
  1214	8930
  1215	8933
  1216	8940
  1217	8947
  1218	8950
  1219	8961
  1220	8964
  1221	8975
  1222	8978
  1223	8990
  1224	8993
  1225	9006
  1226	9009
  1227	9017
  1228	9020
  1229	9027
  1230	9037
  1231	9046
  1232	9051
  1233	9056
  1234	9059
  1235	9071
  1236	9078
  1237	9084
  1238	9093
  1239	9098
  1240	9108
  1241	9122
  1242	9130
  1243	9142
  1244	9153
  1245	9156
  1246	9168
  1247	9177
  1248	9182
  1249	9186
  1250	9193
  1251	9199
  1252	9210
  1253	9224
  1254	9239
  1255	9244
  1256	9251
  1257	9254
  1258	9261
  1259	9266
  1260	9269
  1261	9279
  1262	9289
  1263	9296
  1264	9303
  1265	9310
  1266	9320
  1267	9332
  1268	9340
  1269	9343
  1270	9356
  1271	9367
  1272	9370
  1273	9391
  1274	9400
  1275	9405
  1276	9412
  1277	9415
  1278	9424
  1279	9427
  1280	9435
  1281	9438
  1282	9451
  1283	9454
  1284	9459
  1285	9462
  1286	9471
  1287	9474
  1288	9483
  1289	9497
  1290	9500
  1291	9507
  1292	9510
  1293	9525
  1294	9528
  1295	9547
  1296	9554
  1297	9569
  1298	9598
  1299	9604
  1300	9612
  1301	9616
  1302	9621
  1303	9628
  1304	9631
  1305	9639
  1306	9644
  1307	9646
  1308	9657
  1309	9664
  1310	9672
  1311	9676
  1312	9685
  1313	9688
  1314	9699
  1315	9708
  1316	9719
  1317	9722
  1318	9729
  1319	9739
  1320	9748
  1321	9754
  1322	9765
  1323	9772
  1324	9783
  1325	9792
  1326	9799
  1327	9809
  1328	9816
  1329	9822
  1330	9831
  1331	9836
  1332	9845
  1333	9850
  1334	9854
  1335	9857
  1336	9868
  1337	9878
  1338	9881
  1339	9888
  1340	9896
  1341	9903
  1342	9910
  1343	9913
  1344	9919
  1345	9928
  1346	9931
  1347	9943
  1348	9945
  1349	9961
  1350	9964
  1351	9968
  1352	9970
  1353	9984
  1354	9988
  1355	9993
  1356	9996
