     1	100
     2	105
     3	106
     4	114
     5	119
     6	144
     7	147
     8	197
     9	204
    10	210
    11	215
    12	240
    13	241
    14	307
    15	313
    16	320
    17	338
    18	368
    19	371
    20	382
    21	392
    22	431
    23	432
    24	482
    25	483
    26	508
    27	510
    28	522
    29	529
    30	532
    31	537
    32	540
    33	548
    34	582
    35	586
    36	601
    37	608
    38	615
    39	663
    40	704
    41	719
    42	761
    43	778
    44	821
    45	824
    46	827
    47	836
    48	892
    49	902
    50	905
    51	970
    52	973
    53	985
    54	986
    55	1010
    56	1012
    57	1048
    58	1049
    59	1050
    60	1053
    61	1059
    62	1068
    63	1076
    64	1079
    65	1113
    66	1151
    67	1182
    68	1190
    69	1191
    70	1214
    71	1230
    72	1238
    73	1268
    74	1273
    75	1294
    76	1300
    77	1304
    78	1332
    79	1340
    80	1372
    81	1391
    82	1407
    83	1410
    84	1424
    85	1462
    86	1481
    87	1509
    88	1515
    89	1516
    90	1544
    91	1545
    92	1556
    93	1577
    94	1589
    95	1590
    96	1591
    97	1599
    98	1618
    99	1641
   100	1676
   101	1687
   102	1690
   103	1698
   104	1719
   105	1725
   106	1743
   107	1750
   108	1777
   109	1789
   110	1790
   111	1827
   112	1843
   113	1852
   114	1867
   115	1907
   116	1917
   117	1928
   118	1973
   119	1978
   120	1986
   121	1994
   122	2004
   123	2017
   124	2026
   125	2055
   126	2073
   127	2080
   128	2103
   129	2120
   130	2135
   131	2152
   132	2153
   133	2155
   134	2170
   135	2185
   136	2195
   137	2201
   138	2213
   139	2224
   140	2252
   141	2267
   142	2268
   143	2301
   144	2303
   145	2307
   146	2371
   147	2380
   148	2425
   149	2440
   150	2441
   151	2454
   152	2470
   153	2473
   154	2520
   155	2530
   156	2558
   157	2563
   158	2571
   159	2579
   160	2589
   161	2593
   162	2607
   163	2621
   164	2627
   165	2671
   166	2677
   167	2684
   168	2690
   169	2731
   170	2744
   171	2774
   172	2777
   173	2780
   174	2783
   175	2786
   176	2823
   177	2824
   178	2839
   179	2869
   180	2891
   181	2901
   182	2907
   183	2963
   184	2989
   185	2995
   186	3000
   187	3013
   188	3022
   189	3062
   190	3083
   191	3106
   192	3112
   193	3150
   194	3153
   195	3156
   196	3199
   197	3210
   198	3223
   199	3256
   200	3263
   201	3271
   202	3323
   203	3351
   204	3354
   205	3357
   206	3363
   207	3366
   208	3401
   209	3417
   210	3464
   211	3470
   212	3486
   213	3516
   214	3524
   215	3552
   216	3553
   217	3557
   218	3583
   219	3606
   220	3615
   221	3684
   222	3739
   223	3740
   224	3758
   225	3765
   226	3796
   227	3828
   228	3843
   229	3862
   230	3872
   231	3879
   232	3930
   233	3943
   234	3949
   235	3957
   236	3979
   237	3982
   238	3989
   239	4032
   240	4036
   241	4046
   242	4051
   243	4074
   244	4090
   245	4112
   246	4138
   247	4146
   248	4168
   249	4171
   250	4178
   251	4179
   252	4189
   253	4196
   254	4216
   255	4231
   256	4261
   257	4275
   258	4291
   259	4302
   260	4307
   261	4315
   262	4319
   263	4347
   264	4352
   265	4383
   266	4415
   267	4443
   268	4446
   269	4456
   270	4467
   271	4484
   272	4502
   273	4503
   274	4523
   275	4528
   276	4539
   277	4560
   278	4566
   279	4580
   280	4582
   281	4628
   282	4646
   283	4662
   284	4673
   285	4683
   286	4695
   287	4738
   288	4752
   289	4762
   290	4781
   291	4791
   292	4805
   293	4837
   294	4847
   295	4887
   296	4890
   297	4925
   298	4942
   299	4945
   300	4957
   301	4989
   302	4995
   303	5011
   304	5074
   305	5082
   306	5085
   307	5096
   308	5115
   309	5135
   310	5147
   311	5148
   312	5174
   313	5177
   314	5184
   315	5213
   316	5225
   317	5273
   318	5304
   319	5314
   320	5335
   321	5385
   322	5388
   323	5397
   324	5404
   325	5431
   326	5446
   327	5464
   328	5479
   329	5492
   330	5499
   331	5514
   332	5528
   333	5533
   334	5540
   335	5544
   336	5554
   337	5572
   338	5598
   339	5623
   340	5655
   341	5676
   342	5678
   343	5714
   344	5724
   345	5729
   346	5746
   347	5749
   348	5752
   349	5783
   350	5784
   351	5792
   352	5810
   353	5866
   354	5871
   355	5885
   356	5895
   357	5902
   358	5905
   359	5934
   360	5966
   361	5973
   362	6045
   363	6060
   364	6066
   365	6081
   366	6128
   367	6158
   368	6161
   369	6211
   370	6222
   371	6245
   372	6276
   373	6278
   374	6289
   375	6290
   376	6293
   377	6296
   378	6330
   379	6335
   380	6340
   381	6370
   382	6379
   383	6380
   384	6411
   385	6473
   386	6478
   387	6485
   388	6494
   389	6586
   390	6612
   391	6635
   392	6652
   393	6666
   394	6680
   395	6683
   396	6688
   397	6703
   398	6715
   399	6746
   400	6759
   401	6791
   402	6800
   403	6801
   404	6808
   405	6825
   406	6828
   407	6936
   408	6946
   409	6964
   410	6965
   411	6998
   412	7024
   413	7040
   414	7043
   415	7046
   416	7050
   417	7072
   418	7106
   419	7121
   420	7126
   421	7154
   422	7165
   423	7166
   424	7167
   425	7204
   426	7218
   427	7230
   428	7253
   429	7256
   430	7283
   431	7289
   432	7314
   433	7317
   434	7351
   435	7360
   436	7364
   437	7370
   438	7422
   439	7429
   440	7452
   441	7487
   442	7488
   443	7489
   444	7522
   445	7540
   446	7567
   447	7577
   448	7617
   449	7695
   450	7708
   451	7732
   452	7739
   453	7762
   454	7809
   455	7817
   456	7818
   457	7857
   458	7864
   459	7871
   460	7878
   461	7915
   462	7955
   463	7958
   464	7965
   465	7966
   466	7995
   467	7996
   468	8011
   469	8022
   470	8029
   471	8064
   472	8102
   473	8107
   474	8117
   475	8144
   476	8153
   477	8154
   478	8155
   479	8165
   480	8202
   481	8218
   482	8220
   483	8226
   484	8231
   485	8241
   486	8259
   487	8268
   488	8271
   489	8328
   490	8335
   491	8367
   492	8379
   493	8385
   494	8430
   495	8434
   496	8439
   497	8452
   498	8481
   499	8492
   500	8502
   501	8510
   502	8525
   503	8533
   504	8536
   505	8546
   506	8566
   507	8578
   508	8608
   509	8618
   510	8628
   511	8635
   512	8638
   513	8684
   514	8699
   515	8700
   516	8716
   517	8767
   518	8775
   519	8808
   520	8845
   521	8862
   522	8873
   523	8881
   524	8890
   525	8908
   526	8920
   527	8946
   528	8949
   529	8974
   530	8984
   531	9012
   532	9016
   533	9026
   534	9031
   535	9054
   536	9070
   537	9120
   538	9121
   539	9129
   540	9173
   541	9198
   542	9209
   543	9214
   544	9229
   545	9258
   546	9278
   547	9285
   548	9286
   549	9302
   550	9377
   551	9380
   552	9383
   553	9411
   554	9426
   555	9450
   556	9453
   557	9464
   558	9465
   559	9503
   560	9504
   561	9505
   562	9519
   563	9562
   564	9565
   565	9584
   566	9600
   567	9607
   568	9627
   569	9630
   570	9633
   571	9667
   572	9698
   573	9707
   574	9718
   575	9724
   576	9732
   577	9736
   578	9764
   579	9808
   580	9815
   581	9835
   582	9859
   583	9884
   584	9891
   585	9918
   586	9921
   587	9922
   588	9942
   589	9955
