     1	31
     2	54
     3	88
     4	120
     5	145
     6	179
     7	190
     8	222
     9	235
    10	248
    11	272
    12	298
    13	328
    14	360
    15	372
    16	396
    17	408
    18	453
    19	493
    20	567
    21	609
    22	652
    23	684
    24	700
    25	708
    26	715
    27	730
    28	754
    29	801
    30	816
    31	845
    32	848
    33	864
    34	876
    35	879
    36	923
    37	951
    38	1011
    39	1020
    40	1025
    41	1035
    42	1056
    43	1067
    44	1107
    45	1130
    46	1139
    47	1142
    48	1166
    49	1177
    50	1198
    51	1201
    52	1222
    53	1250
    54	1282
    55	1287
    56	1315
    57	1325
    58	1341
    59	1360
    60	1398
    61	1420
    62	1443
    63	1472
    64	1488
    65	1525
    66	1526
    67	1548
    68	1555
    69	1566
    70	1623
    71	1626
    72	1640
    73	1669
    74	1682
    75	1722
    76	1733
    77	1749
    78	1765
    79	1768
    80	1830
    81	1861
    82	1882
    83	1924
    84	1934
    85	1943
    86	1962
    87	1985
    88	2001
    89	2029
    90	2050
    91	2061
    92	2092
    93	2098
    94	2132
    95	2139
    96	2174
    97	2182
    98	2200
    99	2209
   100	2219
   101	2244
   102	2264
   103	2272
   104	2279
   105	2294
   106	2314
   107	2326
   108	2342
   109	2399
   110	2413
   111	2431
   112	2449
   113	2461
   114	2474
   115	2479
   116	2489
   117	2501
   118	2527
   119	2570
   120	2598
   121	2626
   122	2636
   123	2663
   124	2695
   125	2696
   126	2707
   127	2739
   128	2747
   129	2797
   130	2800
   131	2829
   132	2878
   133	2899
   134	2900
   135	2935
   136	2992
   137	3001
   138	3035
   139	3054
   140	3059
   141	3090
   142	3133
   143	3143
   144	3161
   145	3180
   146	3186
   147	3194
   148	3217
   149	3249
   150	3278
   151	3281
   152	3296
   153	3334
   154	3360
   155	3371
   156	3390
   157	3430
   158	3443
   159	3458
   160	3529
   161	3539
   162	3568
   163	3590
   164	3593
   165	3622
   166	3681
   167	3722
   168	3747
   169	3781
   170	3804
   171	3825
   172	3838
   173	3886
   174	3894
   175	3904
   176	3918
   177	3954
   178	3969
   179	3998
   180	4017
   181	4026
   182	4039
   183	4052
   184	4097
   185	4143
   186	4155
   187	4156
   188	4172
   189	4208
   190	4236
   191	4246
   192	4264
   193	4282
   194	4297
   195	4308
   196	4322
   197	4328
   198	4340
   199	4372
   200	4378
   201	4411
   202	4435
   203	4461
   204	4476
   205	4477
   206	4508
   207	4529
   208	4546
   209	4557
   210	4592
   211	4606
   212	4635
   213	4669
   214	4679
   215	4705
   216	4771
   217	4808
   218	4820
   219	4821
   220	4838
   221	4857
   222	4864
   223	4898
   224	4901
   225	4924
   226	4970
   227	4981
   228	5017
   229	5023
   230	5041
   231	5059
   232	5090
   233	5110
   234	5127
   235	5133
   236	5139
   237	5155
   238	5166
   239	5189
   240	5199
   241	5204
   242	5235
   243	5246
   244	5268
   245	5303
   246	5328
   247	5333
   248	5342
   249	5355
   250	5394
   251	5420
   252	5426
   253	5451
   254	5461
   255	5474
   256	5490
   257	5502
   258	5507
   259	5534
   260	5575
   261	5605
   262	5628
   263	5629
   264	5643
   265	5660
   266	5700
   267	5704
   268	5736
   269	5771
   270	5791
   271	5807
   272	5819
   273	5828
   274	5840
   275	5882
   276	5892
   277	5921
   278	5931
   279	5944
   280	5994
   281	6024
   282	6097
   283	6114
   284	6117
   285	6143
   286	6148
   287	6171
   288	6235
   289	6256
   290	6277
   291	6282
   292	6317
   293	6341
   294	6351
   295	6361
   296	6388
   297	6398
   298	6438
   299	6469
   300	6516
   301	6529
   302	6556
   303	6575
   304	6589
   305	6602
   306	6611
   307	6618
   308	6640
   309	6645
   310	6671
   311	6684
   312	6695
   313	6700
   314	6712
   315	6727
   316	6757
   317	6777
   318	6815
   319	6844
   320	6847
   321	6886
   322	6922
   323	6928
   324	6945
   325	6951
   326	6958
   327	6987
   328	6988
   329	7018
   330	7067
   331	7080
   332	7112
   333	7113
   334	7127
   335	7147
   336	7172
   337	7173
   338	7191
   339	7207
   340	7238
   341	7257
   342	7297
   343	7304
   344	7335
   345	7347
   346	7377
   347	7387
   348	7404
   349	7409
   350	7436
   351	7444
   352	7465
   353	7499
   354	7512
   355	7529
   356	7588
   357	7591
   358	7612
   359	7640
   360	7681
   361	7707
   362	7751
   363	7757
   364	7799
   365	7825
   366	7834
   367	7849
   368	7889
   369	7905
   370	7930
   371	7954
   372	7973
   373	8036
   374	8044
   375	8076
   376	8089
   377	8126
   378	8135
   379	8199
   380	8206
   381	8215
   382	8250
   383	8288
   384	8323
   385	8343
   386	8356
   387	8366
   388	8414
   389	8424
   390	8457
   391	8474
   392	8488
   393	8515
   394	8524
   395	8537
   396	8556
   397	8592
   398	8606
   399	8617
   400	8625
   401	8657
   402	8669
   403	8678
   404	8692
   405	8737
   406	8741
   407	8764
   408	8798
   409	8842
   410	8859
   411	8878
   412	8884
   413	8893
   414	8915
   415	8960
   416	8963
   417	8977
   418	8992
   419	9008
   420	9019
   421	9032
   422	9077
   423	9106
   424	9128
   425	9141
   426	9152
   427	9167
   428	9215
   429	9223
   430	9265
   431	9268
   432	9327
   433	9352
   434	9369
   435	9390
   436	9445
   437	9446
   438	9473
   439	9485
   440	9490
   441	9496
   442	9524
   443	9534
   444	9539
   445	9544
   446	9574
   447	9581
   448	9638
   449	9645
   450	9655
   451	9656
   452	9684
   453	9687
   454	9714
   455	9721
   456	9735
   457	9771
   458	9782
   459	9798
   460	9853
   461	9867
   462	9877
   463	9927
   464	9937
   465	9967
