     1	45
     2	49
     3	60
     4	62
     5	71
     6	76
     7	83
     8	101
     9	103
    10	107
    11	109
    12	112
    13	129
    14	134
    15	157
    16	158
    17	160
    18	173
    19	177
    20	185
    21	191
    22	200
    23	207
    24	213
    25	218
    26	242
    27	251
    28	256
    29	264
    30	269
    31	273
    32	280
    33	301
    34	302
    35	315
    36	326
    37	341
    38	351
    39	354
    40	363
    41	366
    42	379
    43	385
    44	389
    45	394
    46	400
    47	406
    48	411
    49	414
    50	419
    51	429
    52	435
    53	445
    54	451
    55	460
    56	462
    57	470
    58	480
    59	484
    60	491
    61	494
    62	497
    63	506
    64	513
    65	518
    66	533
    67	556
    68	565
    69	568
    70	576
    71	580
    72	589
    73	594
    74	612
    75	621
    76	631
    77	638
    78	640
    79	659
    80	669
    81	673
    82	679
    83	689
    84	693
    85	712
    86	714
    87	725
    88	728
    89	732
    90	750
    91	755
    92	762
    93	769
    94	770
    95	774
    96	781
    97	814
    98	817
    99	834
   100	837
   101	843
   102	855
   103	868
   104	870
   105	882
   106	886
   107	896
   108	912
   109	915
   110	926
   111	931
   112	936
   113	954
   114	959
   115	981
   116	998
   117	1027
   118	1038
   119	1065
   120	1074
   121	1084
   122	1088
   123	1098
   124	1105
   125	1116
   126	1120
   127	1137
   128	1145
   129	1156
   130	1164
   131	1169
   132	1175
   133	1185
   134	1192
   135	1204
   136	1225
   137	1227
   138	1241
   139	1248
   140	1261
   141	1271
   142	1288
   143	1297
   144	1310
   145	1318
   146	1321
   147	1323
   148	1329
   149	1333
   150	1351
   151	1352
   152	1365
   153	1375
   154	1394
   155	1396
   156	1402
   157	1418
   158	1434
   159	1439
   160	1446
   161	1453
   162	1460
   163	1476
   164	1484
   165	1492
   166	1497
   167	1505
   168	1521
   169	1529
   170	1533
   171	1552
   172	1554
   173	1567
   174	1571
   175	1584
   176	1603
   177	1605
   178	1627
   179	1639
   180	1642
   181	1644
   182	1658
   183	1662
   184	1665
   185	1667
   186	1673
   187	1683
   188	1704
   189	1713
   190	1717
   191	1731
   192	1741
   193	1744
   194	1751
   195	1755
   196	1763
   197	1782
   198	1793
   199	1797
   200	1804
   201	1819
   202	1823
   203	1833
   204	1846
   205	1855
   206	1864
   207	1870
   208	1880
   209	1886
   210	1894
   211	1903
   212	1913
   213	1920
   214	1922
   215	1925
   216	1935
   217	1941
   218	1954
   219	1960
   220	1968
   221	1976
   222	1983
   223	1989
   224	1999
   225	2002
   226	2007
   227	2014
   228	2020
   229	2032
   230	2041
   231	2053
   232	2057
   233	2067
   234	2076
   235	2086
   236	2095
   237	2101
   238	2106
   239	2123
   240	2126
   241	2137
   242	2142
   243	2145
   244	2150
   245	2163
   246	2175
   247	2187
   248	2196
   249	2204
   250	2210
   251	2220
   252	2227
   253	2236
   254	2247
   255	2250
   256	2255
   257	2259
   258	2276
   259	2278
   260	2283
   261	2290
   262	2308
   263	2321
   264	2330
   265	2335
   266	2345
   267	2347
   268	2355
   269	2363
   270	2373
   271	2386
   272	2387
   273	2390
   274	2414
   275	2423
   276	2429
   277	2434
   278	2442
   279	2452
   280	2457
   281	2464
   282	2471
   283	2477
   284	2481
   285	2509
   286	2516
   287	2525
   288	2528
   289	2533
   290	2542
   291	2551
   292	2568
   293	2574
   294	2582
   295	2596
   296	2599
   297	2611
   298	2613
   299	2616
   300	2624
   301	2632
   302	2637
   303	2643
   304	2652
   305	2657
   306	2659
   307	2660
   308	2666
   309	2685
   310	2688
   311	2693
   312	2697
   313	2710
   314	2711
   315	2722
   316	2726
   317	2735
   318	2737
   319	2740
   320	2758
   321	2770
   322	2789
   323	2793
   324	2803
   325	2807
   326	2812
   327	2825
   328	2832
   329	2835
   330	2837
   331	2841
   332	2843
   333	2848
   334	2862
   335	2872
   336	2881
   337	2910
   338	2923
   339	2925
   340	2940
   341	2954
   342	2959
   343	2966
   344	2971
   345	2983
   346	3002
   347	3011
   348	3016
   349	3023
   350	3038
   351	3043
   352	3063
   353	3071
   354	3081
   355	3088
   356	3098
   357	3115
   358	3123
   359	3131
   360	3146
   361	3164
   362	3166
   363	3175
   364	3192
   365	3202
   366	3208
   367	3213
   368	3220
   369	3226
   370	3228
   371	3236
   372	3241
   373	3252
   374	3259
   375	3269
   376	3272
   377	3287
   378	3294
   379	3299
   380	3309
   381	3310
   382	3319
   383	3326
   384	3337
   385	3340
   386	3347
   387	3374
   388	3382
   389	3393
   390	3396
   391	3404
   392	3413
   393	3428
   394	3431
   395	3433
   396	3437
   397	3454
   398	3481
   399	3483
   400	3489
   401	3505
   402	3510
   403	3514
   404	3522
   405	3525
   406	3532
   407	3535
   408	3540
   409	3546
   410	3564
   411	3569
   412	3571
   413	3581
   414	3584
   415	3596
   416	3600
   417	3610
   418	3620
   419	3626
   420	3631
   421	3652
   422	3657
   423	3669
   424	3673
   425	3676
   426	3687
   427	3696
   428	3699
   429	3701
   430	3705
   431	3716
   432	3723
   433	3730
   434	3732
   435	3735
   436	3743
   437	3752
   438	3761
   439	3770
   440	3776
   441	3784
   442	3800
   443	3807
   444	3813
   445	3823
   446	3829
   447	3830
   448	3836
   449	3846
   450	3853
   451	3865
   452	3875
   453	3882
   454	3884
   455	3887
   456	3890
   457	3900
   458	3908
   459	3916
   460	3921
   461	3924
   462	3926
   463	3934
   464	3941
   465	3950
   466	3960
   467	3965
   468	3975
   469	3985
   470	3992
   471	3996
   472	4003
   473	4013
   474	4015
   475	4018
   476	4020
   477	4042
   478	4049
   479	4053
   480	4059
   481	4064
   482	4081
   483	4086
   484	4093
   485	4100
   486	4106
   487	4108
   488	4116
   489	4121
   490	4126
   491	4136
   492	4139
   493	4163
   494	4176
   495	4185
   496	4192
   497	4202
   498	4211
   499	4214
   500	4219
   501	4229
   502	4232
   503	4239
   504	4242
   505	4244
   506	4247
   507	4250
   508	4257
   509	4269
   510	4273
   511	4280
   512	4286
   513	4298
   514	4305
   515	4309
   516	4335
   517	4338
   518	4348
   519	4355
   520	4356
   521	4366
   522	4375
   523	4381
   524	4386
   525	4399
   526	4409
   527	4412
   528	4418
   529	4427
   530	4451
   531	4454
   532	4457
   533	4464
   534	4472
   535	4480
   536	4490
   537	4500
   538	4504
   539	4514
   540	4519
   541	4530
   542	4542
   543	4544
   544	4547
   545	4549
   546	4555
   547	4569
   548	4576
   549	4578
   550	4585
   551	4590
   552	4609
   553	4611
   554	4617
   555	4631
   556	4640
   557	4644
   558	4649
   559	4656
   560	4667
   561	4680
   562	4686
   563	4693
   564	4703
   565	4709
   566	4714
   567	4722
   568	4730
   569	4732
   570	4736
   571	4741
   572	4748
   573	4758
   574	4765
   575	4774
   576	4777
   577	4787
   578	4794
   579	4799
   580	4803
   581	4811
   582	4816
   583	4828
   584	4833
   585	4839
   586	4848
   587	4849
   588	4860
   589	4869
   590	4883
   591	4904
   592	4910
   593	4920
   594	4926
   595	4928
   596	4938
   597	4948
   598	4961
   599	4977
   600	4978
   601	4985
   602	5004
   603	5009
   604	5019
   605	5026
   606	5036
   607	5042
   608	5044
   609	5049
   610	5057
   611	5063
   612	5068
   613	5075
   614	5093
   615	5113
   616	5120
   617	5123
   618	5125
   619	5145
   620	5151
   621	5160
   622	5169
   623	5172
   624	5182
   625	5185
   626	5192
   627	5195
   628	5197
   629	5202
   630	5207
   631	5219
   632	5231
   633	5233
   634	5236
   635	5238
   636	5244
   637	5249
   638	5258
   639	5262
   640	5290
   641	5301
   642	5307
   643	5312
   644	5319
   645	5331
   646	5338
   647	5346
   648	5351
   649	5361
   650	5381
   651	5400
   652	5407
   653	5414
   654	5418
   655	5423
   656	5429
   657	5434
   658	5444
   659	5447
   660	5454
   661	5457
   662	5459
   663	5467
   664	5472
   665	5495
   666	5505
   667	5509
   668	5522
   669	5526
   670	5552
   671	5567
   672	5570
   673	5582
   674	5589
   675	5596
   676	5606
   677	5615
   678	5616
   679	5619
   680	5626
   681	5630
   682	5636
   683	5646
   684	5651
   685	5662
   686	5664
   687	5679
   688	5682
   689	5689
   690	5693
   691	5707
   692	5717
   693	5727
   694	5732
   695	5761
   696	5766
   697	5781
   698	5789
   699	5795
   700	5805
   701	5808
   702	5815
   703	5820
   704	5831
   705	5838
   706	5845
   707	5857
   708	5862
   709	5867
   710	5874
   711	5898
   712	5908
   713	5915
   714	5919
   715	5924
   716	5927
   717	5952
   718	5962
   719	5969
   720	5976
   721	5986
   722	6004
   723	6016
   724	6029
   725	6036
   726	6037
   727	6064
   728	6067
   729	6077
   730	6084
   731	6091
   732	6095
   733	6100
   734	6104
   735	6112
   736	6135
   737	6153
   738	6174
   739	6179
   740	6195
   741	6198
   742	6207
   743	6214
   744	6231
   745	6238
   746	6241
   747	6248
   748	6262
   749	6267
   750	6283
   751	6297
   752	6298
   753	6315
   754	6336
   755	6347
   756	6349
   757	6377
   758	6381
   759	6394
   760	6404
   761	6409
   762	6414
   763	6421
   764	6424
   765	6428
   766	6436
   767	6454
   768	6459
   769	6474
   770	6481
   771	6488
   772	6500
   773	6510
   774	6519
   775	6522
   776	6532
   777	6534
   778	6540
   779	6549
   780	6554
   781	6562
   782	6572
   783	6581
   784	6584
   785	6592
   786	6598
   787	6600
   788	6603
   789	6614
   790	6621
   791	6625
   792	6634
   793	6654
   794	6664
   795	6667
   796	6674
   797	6681
   798	6685
   799	6693
   800	6696
   801	6706
   802	6718
   803	6723
   804	6733
   805	6744
   806	6748
   807	6754
   808	6768
   809	6770
   810	6780
   811	6783
   812	6788
   813	6796
   814	6804
   815	6811
   816	6818
   817	6821
   818	6831
   819	6838
   820	6852
   821	6857
   822	6867
   823	6869
   824	6878
   825	6884
   826	6893
   827	6895
   828	6911
   829	6915
   830	6925
   831	6931
   832	6933
   833	6955
   834	6957
   835	6974
   836	6983
   837	7001
   838	7006
   839	7034
   840	7038
   841	7055
   842	7065
   843	7068
   844	7075
   845	7083
   846	7090
   847	7092
   848	7098
   849	7118
   850	7134
   851	7143
   852	7148
   853	7159
   854	7176
   855	7188
   856	7189
   857	7194
   858	7200
   859	7210
   860	7221
   861	7228
   862	7241
   863	7244
   864	7251
   865	7254
   866	7258
   867	7270
   868	7281
   869	7287
   870	7293
   871	7295
   872	7298
   873	7300
   874	7310
   875	7320
   876	7328
   877	7338
   878	7340
   879	7345
   880	7357
   881	7361
   882	7371
   883	7380
   884	7383
   885	7393
   886	7407
   887	7413
   888	7423
   889	7437
   890	7447
   891	7448
   892	7455
   893	7475
   894	7480
   895	7493
   896	7497
   897	7502
   898	7510
   899	7513
   900	7517
   901	7525
   902	7527
   903	7530
   904	7532
   905	7541
   906	7556
   907	7563
   908	7573
   909	7580
   910	7594
   911	7601
   912	7605
   913	7615
   914	7619
   915	7626
   916	7630
   917	7638
   918	7648
   919	7655
   920	7660
   921	7663
   922	7665
   923	7671
   924	7679
   925	7693
   926	7696
   927	7705
   928	7711
   929	7721
   930	7728
   931	7735
   932	7745
   933	7754
   934	7760
   935	7765
   936	7779
   937	7786
   938	7794
   939	7803
   940	7805
   941	7815
   942	7823
   943	7826
   944	7828
   945	7840
   946	7845
   947	7860
   948	7867
   949	7874
   950	7892
   951	7894
   952	7901
   953	7908
   954	7911
   955	7918
   956	7933
   957	7938
   958	7943
   959	7952
   960	7967
   961	7974
   962	7983
   963	7993
   964	7997
   965	8016
   966	8020
   967	8025
   968	8034
   969	8037
   970	8040
   971	8052
   972	8059
   973	8062
   974	8067
   975	8081
   976	8092
   977	8110
   978	8115
   979	8147
   980	8159
   981	8163
   982	8171
   983	8178
   984	8180
   985	8193
   986	8204
   987	8209
   988	8212
   989	8216
   990	8234
   991	8239
   992	8244
   993	8253
   994	8263
   995	8266
   996	8276
   997	8283
   998	8291
   999	8298
  1000	8302
  1001	8305
  1002	8318
  1003	8326
  1004	8333
  1005	8336
  1006	8346
  1007	8348
  1008	8351
  1009	8359
  1010	8364
  1011	8372
  1012	8377
  1013	8380
  1014	8383
  1015	8386
  1016	8391
  1017	8398
  1018	8402
  1019	8408
  1020	8417
  1021	8422
  1022	8436
  1023	8442
  1024	8449
  1025	8453
  1026	8463
  1027	8475
  1028	8484
  1029	8486
  1030	8489
  1031	8498
  1032	8508
  1033	8511
  1034	8520
  1035	8531
  1036	8547
  1037	8548
  1038	8554
  1039	8559
  1040	8562
  1041	8569
  1042	8582
  1043	8590
  1044	8596
  1045	8604
  1046	8615
  1047	8631
  1048	8641
  1049	8651
  1050	8660
  1051	8663
  1052	8673
  1053	8695
  1054	8703
  1055	8706
  1056	8721
  1057	8728
  1058	8742
  1059	8752
  1060	8753
  1061	8756
  1062	8762
  1063	8789
  1064	8811
  1065	8830
  1066	8838
  1067	8848
  1068	8853
  1069	8864
  1070	8871
  1071	8874
  1072	8876
  1073	8894
  1074	8906
  1075	8916
  1076	8925
  1077	8935
  1078	8942
  1079	8952
  1080	8966
  1081	8970
  1082	8985
  1083	8995
  1084	8997
  1085	9001
  1086	9022
  1087	9029
  1088	9033
  1089	9039
  1090	9044
  1091	9061
  1092	9066
  1093	9073
  1094	9080
  1095	9086
  1096	9096
  1097	9102
  1098	9104
  1099	9110
  1100	9118
  1101	9126
  1102	9132
  1103	9137
  1104	9144
  1105	9148
  1106	9158
  1107	9163
  1108	9180
  1109	9188
  1110	9203
  1111	9207
  1112	9216
  1113	9219
  1114	9234
  1115	9241
  1116	9246
  1117	9256
  1118	9259
  1119	9274
  1120	9281
  1121	9282
  1122	9291
  1123	9298
  1124	9305
  1125	9314
  1126	9324
  1127	9325
  1128	9328
  1129	9334
  1130	9337
  1131	9341
  1132	9348
  1133	9350
  1134	9358
  1135	9372
  1136	9386
  1137	9398
  1138	9409
  1139	9413
  1140	9419
  1141	9429
  1142	9432
  1143	9436
  1144	9443
  1145	9466
  1146	9481
  1147	9512
  1148	9517
  1149	9520
  1150	9549
  1151	9563
  1152	9585
  1153	9593
  1154	9614
  1155	9623
  1156	9641
  1157	9651
  1158	9674
  1159	9690
  1160	9694
  1161	9703
  1162	9712
  1163	9737
  1164	9741
  1165	9758
  1166	9762
  1167	9767
  1168	9774
  1169	9778
  1170	9787
  1171	9796
  1172	9801
  1173	9804
  1174	9811
  1175	9829
  1176	9838
  1177	9842
  1178	9848
  1179	9870
  1180	9873
  1181	9898
  1182	9905
  1183	9915
  1184	9933
  1185	9947
  1186	9949
  1187	9958
  1188	9972
  1189	9974
  1190	9986
