     1	35
     2	50
     3	75
     4	77
     5	85
     6	111
     7	125
     8	133
     9	136
    10	159
    11	162
    12	176
    13	198
    14	202
    15	216
    16	220
    17	231
    18	246
    19	254
    20	268
    21	284
    22	291
    23	304
    24	317
    25	319
    26	336
    27	353
    28	358
    29	391
    30	402
    31	421
    32	437
    33	447
    34	449
    35	463
    36	472
    37	499
    38	517
    39	520
    40	535
    41	541
    42	546
    43	549
    44	554
    45	558
    46	563
    47	571
    48	578
    49	593
    50	596
    51	623
    52	642
    53	650
    54	664
    55	671
    56	683
    57	687
    58	691
    59	695
    60	727
    61	736
    62	741
    63	747
    64	758
    65	767
    66	777
    67	783
    68	812
    69	819
    70	839
    71	857
    72	871
    73	890
    74	898
    75	906
    76	914
    77	917
    78	930
    79	934
    80	938
    81	961
    82	971
    83	976
    84	979
    85	987
    86	990
    87	1000
    88	1002
    89	1016
    90	1023
    91	1030
    92	1040
    93	1051
    94	1061
    95	1077
    96	1082
    97	1086
    98	1092
    99	1110
   100	1114
   101	1122
   102	1123
   103	1125
   104	1135
   105	1154
   106	1160
   107	1180
   108	1183
   109	1194
   110	1196
   111	1206
   112	1219
   113	1228
   114	1236
   115	1239
   116	1246
   117	1259
   118	1263
   119	1274
   120	1279
   121	1295
   122	1314
   123	1338
   124	1354
   125	1356
   126	1363
   127	1367
   128	1377
   129	1405
   130	1408
   131	1411
   132	1416
   133	1428
   134	1438
   135	1441
   136	1455
   137	1466
   138	1482
   139	1486
   140	1496
   141	1503
   142	1507
   143	1517
   144	1568
   145	1570
   146	1592
   147	1607
   148	1643
   149	1646
   150	1664
   151	1679
   152	1685
   153	1691
   154	1696
   155	1699
   156	1702
   157	1706
   158	1715
   159	1727
   160	1759
   161	1774
   162	1778
   163	1784
   164	1795
   165	1802
   166	1806
   167	1812
   168	1817
   169	1821
   170	1825
   171	1841
   172	1844
   173	1850
   174	1857
   175	1872
   176	1884
   177	1890
   178	1896
   179	1905
   180	1915
   181	1931
   182	1939
   183	1948
   184	1958
   185	1971
   186	1974
   187	1992
   188	1997
   189	2005
   190	2009
   191	2022
   192	2024
   193	2043
   194	2045
   195	2059
   196	2069
   197	2078
   198	2088
   199	2090
   200	2104
   201	2110
   202	2121
   203	2128
   204	2154
   205	2156
   206	2161
   207	2165
   208	2180
   209	2183
   210	2189
   211	2216
   212	2225
   213	2229
   214	2242
   215	2257
   216	2288
   217	2292
   218	2310
   219	2333
   220	2337
   221	2348
   222	2365
   223	2369
   224	2381
   225	2393
   226	2410
   227	2421
   228	2427
   229	2438
   230	2444
   231	2455
   232	2459
   233	2484
   234	2493
   235	2495
   236	2507
   237	2511
   238	2518
   239	2531
   240	2535
   241	2544
   242	2553
   243	2561
   244	2577
   245	2584
   246	2602
   247	2615
   248	2628
   249	2645
   250	2668
   251	2669
   252	2679
   253	2702
   254	2713
   255	2720
   256	2730
   257	2742
   258	2749
   259	2754
   260	2762
   261	2768
   262	2772
   263	2781
   264	2791
   265	2795
   266	2814
   267	2827
   268	2847
   269	2857
   270	2860
   271	2864
   272	2874
   273	2876
   274	2892
   275	2912
   276	2914
   277	2926
   278	2928
   279	2942
   280	2957
   281	2970
   282	2973
   283	2981
   284	2985
   285	3014
   286	3025
   287	3042
   288	3046
   289	3051
   290	3066
   291	3069
   292	3073
   293	3082
   294	3099
   295	3113
   296	3117
   297	3127
   298	3141
   299	3148
   300	3157
   301	3159
   302	3195
   303	3200
   304	3211
   305	3215
   306	3230
   307	3240
   308	3253
   309	3255
   310	3261
   311	3274
   312	3285
   313	3288
   314	3290
   315	3292
   316	3307
   317	3312
   318	3321
   319	3328
   320	3342
   321	3349
   322	3358
   323	3376
   324	3386
   325	3406
   326	3411
   327	3415
   328	3421
   329	3426
   330	3435
   331	3459
   332	3462
   333	3465
   334	3468
   335	3471
   336	3476
   337	3485
   338	3487
   339	3491
   340	3506
   341	3512
   342	3520
   343	3527
   344	3565
   345	3573
   346	3586
   347	3604
   348	3614
   349	3630
   350	3633
   351	3641
   352	3646
   353	3650
   354	3656
   355	3659
   356	3675
   357	3685
   358	3691
   359	3703
   360	3734
   361	3737
   362	3745
   363	3756
   364	3763
   365	3774
   366	3805
   367	3815
   368	3832
   369	3834
   370	3844
   371	3848
   372	3855
   373	3863
   374	3867
   375	3877
   376	3892
   377	3898
   378	3902
   379	3912
   380	3933
   381	3952
   382	3963
   383	3967
   384	3977
   385	3987
   386	3994
   387	4005
   388	4022
   389	4034
   390	4044
   391	4062
   392	4068
   393	4084
   394	4088
   395	4095
   396	4110
   397	4120
   398	4128
   399	4134
   400	4141
   401	4151
   402	4174
   403	4187
   404	4194
   405	4204
   406	4206
   407	4221
   408	4234
   409	4252
   410	4259
   411	4267
   412	4271
   413	4278
   414	4289
   415	4294
   416	4300
   417	4320
   418	4337
   419	4349
   420	4353
   421	4358
   422	4368
   423	4370
   424	4384
   425	4390
   426	4400
   427	4402
   428	4407
   429	4420
   430	4433
   431	4444
   432	4449
   433	4459
   434	4468
   435	4488
   436	4492
   437	4506
   438	4517
   439	4521
   440	4534
   441	4551
   442	4571
   443	4589
   444	4610
   445	4619
   446	4629
   447	4633
   448	4642
   449	4651
   450	4658
   451	4677
   452	4688
   453	4701
   454	4712
   455	4716
   456	4723
   457	4734
   458	4743
   459	4750
   460	4760
   461	4767
   462	4779
   463	4789
   464	4801
   465	4814
   466	4842
   467	4852
   468	4867
   469	4876
   470	4885
   471	4894
   472	4906
   473	4912
   474	4930
   475	4936
   476	4940
   477	4946
   478	4950
   479	4963
   480	4967
   481	4987
   482	4999
   483	5002
   484	5021
   485	5028
   486	5046
   487	5047
   488	5061
   489	5067
   490	5077
   491	5083
   492	5088
   493	5091
   494	5103
   495	5137
   496	5149
   497	5153
   498	5164
   499	5178
   500	5187
   501	5205
   502	5217
   503	5223
   504	5240
   505	5260
   506	5264
   507	5274
   508	5277
   509	5281
   510	5286
   511	5294
   512	5299
   513	5310
   514	5321
   515	5336
   516	5340
   517	5350
   518	5353
   519	5365
   520	5374
   521	5383
   522	5392
   523	5398
   524	5402
   525	5409
   526	5416
   527	5432
   528	5436
   529	5449
   530	5471
   531	5477
   532	5480
   533	5493
   534	5497
   535	5512
   536	5515
   537	5520
   538	5524
   539	5531
   540	5545
   541	5562
   542	5565
   543	5576
   544	5584
   545	5591
   546	5602
   547	5610
   548	5638
   549	5649
   550	5657
   551	5666
   552	5681
   553	5687
   554	5691
   555	5695
   556	5709
   557	5719
   558	5730
   559	5734
   560	5744
   561	5753
   562	5755
   563	5765
   564	5776
   565	5779
   566	5787
   567	5798
   568	5803
   569	5811
   570	5841
   571	5849
   572	5860
   573	5869
   574	5876
   575	5890
   576	5900
   577	5910
   578	5917
   579	5929
   580	5938
   581	5940
   582	5947
   583	5950
   584	5954
   585	5964
   586	5971
   587	5978
   588	5988
   589	5990
   590	6006
   591	6008
   592	6020
   593	6034
   594	6039
   595	6041
   596	6055
   597	6058
   598	6069
   599	6075
   600	6079
   601	6086
   602	6093
   603	6108
   604	6122
   605	6126
   606	6131
   607	6139
   608	6151
   609	6155
   610	6162
   611	6166
   612	6178
   613	6181
   614	6197
   615	6200
   616	6209
   617	6216
   618	6226
   619	6233
   620	6243
   621	6250
   622	6265
   623	6269
   624	6300
   625	6302
   626	6306
   627	6311
   628	6362
   629	6371
   630	6383
   631	6408
   632	6416
   633	6432
   634	6448
   635	6458
   636	6461
   637	6479
   638	6483
   639	6490
   640	6502
   641	6504
   642	6524
   643	6535
   644	6542
   645	6551
   646	6552
   647	6564
   648	6570
   649	6582
   650	6616
   651	6623
   652	6643
   653	6657
   654	6662
   655	6669
   656	6691
   657	6698
   658	6708
   659	6710
   660	6721
   661	6725
   662	6731
   663	6737
   664	6767
   665	6771
   666	6773
   667	6792
   668	6794
   669	6802
   670	6806
   671	6813
   672	6823
   673	6833
   674	6840
   675	6855
   676	6859
   677	6870
   678	6880
   679	6882
   680	6896
   681	6898
   682	6916
   683	6918
   684	6934
   685	6938
   686	6943
   687	6970
   688	6975
   689	6999
   690	7003
   691	7027
   692	7039
   693	7053
   694	7057
   695	7063
   696	7070
   697	7094
   698	7100
   699	7119
   700	7124
   701	7135
   702	7160
   703	7180
   704	7192
   705	7198
   706	7219
   707	7223
   708	7233
   709	7246
   710	7273
   711	7279
   712	7302
   713	7312
   714	7322
   715	7343
   716	7373
   717	7375
   718	7385
   719	7391
   720	7397
   721	7399
   722	7420
   723	7427
   724	7439
   725	7450
   726	7457
   727	7478
   728	7482
   729	7495
   730	7508
   731	7515
   732	7534
   733	7543
   734	7549
   735	7554
   736	7558
   737	7565
   738	7575
   739	7582
   740	7603
   741	7607
   742	7634
   743	7643
   744	7646
   745	7650
   746	7667
   747	7684
   748	7687
   749	7698
   750	7714
   751	7719
   752	7723
   753	7730
   754	7737
   755	7747
   756	7749
   757	7763
   758	7769
   759	7774
   760	7777
   761	7781
   762	7792
   763	7806
   764	7808
   765	7813
   766	7821
   767	7830
   768	7843
   769	7847
   770	7855
   771	7858
   772	7862
   773	7869
   774	7876
   775	7885
   776	7887
   777	7896
   778	7903
   779	7913
   780	7920
   781	7937
   782	7941
   783	7945
   784	7960
   785	7985
   786	7999
   787	8009
   788	8014
   789	8018
   790	8027
   791	8042
   792	8050
   793	8054
   794	8065
   795	8071
   796	8079
   797	8083
   798	8085
   799	8100
   800	8105
   801	8114
   802	8118
   803	8123
   804	8136
   805	8161
   806	8182
   807	8191
   808	8197
   809	8224
   810	8229
   811	8238
   812	8242
   813	8246
   814	8269
   815	8274
   816	8278
   817	8304
   818	8307
   819	8316
   820	8338
   821	8349
   822	8362
   823	8375
   824	8393
   825	8400
   826	8420
   827	8435
   828	8450
   829	8455
   830	8466
   831	8471
   832	8479
   833	8500
   834	8513
   835	8541
   836	8550
   837	8552
   838	8564
   839	8571
   840	8584
   841	8588
   842	8599
   843	8602
   844	8611
   845	8623
   846	8633
   847	8643
   848	8649
   849	8655
   850	8665
   851	8677
   852	8686
   853	8701
   854	8708
   855	8714
   856	8719
   857	8723
   858	8730
   859	8732
   860	8743
   861	8745
   862	8782
   863	8803
   864	8813
   865	8821
   866	8824
   867	8828
   868	8834
   869	8851
   870	8855
   871	8866
   872	8888
   873	8898
   874	8912
   875	8923
   876	8927
   877	8937
   878	8944
   879	8954
   880	8972
   881	8987
   882	8999
   883	9003
   884	9014
   885	9024
   886	9042
   887	9048
   888	9064
   889	9068
   890	9075
   891	9088
   892	9090
   893	9113
   894	9116
   895	9124
   896	9135
   897	9139
   898	9146
   899	9150
   900	9161
   901	9165
   902	9171
   903	9174
   904	9178
   905	9184
   906	9190
   907	9196
   908	9201
   909	9205
   910	9212
   911	9221
   912	9227
   913	9232
   914	9236
   915	9248
   916	9263
   917	9276
   918	9287
   919	9293
   920	9300
   921	9307
   922	9316
   923	9317
   924	9322
   925	9361
   926	9364
   927	9375
   928	9378
   929	9381
   930	9384
   931	9388
   932	9396
   933	9402
   934	9421
   935	9457
   936	9468
   937	9488
   938	9494
   939	9515
   940	9522
   941	9532
   942	9542
   943	9551
   944	9556
   945	9559
   946	9566
   947	9571
   948	9588
   949	9591
   950	9595
   951	9601
   952	9605
   953	9610
   954	9618
   955	9625
   956	9634
   957	9653
   958	9661
   959	9665
   960	9670
   961	9678
   962	9680
   963	9696
   964	9705
   965	9726
   966	9730
   967	9743
   968	9745
   969	9751
   970	9756
   971	9760
   972	9769
   973	9776
   974	9780
   975	9789
   976	9806
   977	9813
   978	9819
   979	9824
   980	9827
   981	9833
   982	9840
   983	9852
   984	9863
   985	9875
   986	9885
   987	9889
   988	9894
   989	9900
   990	9907
   991	9923
   992	9939
   993	9951
   994	9953
   995	9956
   996	9977
   997	9982
   998	9990
   999	9999
