     1	10
     2	12
     3	21
     4	28
     5	40
     6	57
     7	65
     8	124
     9	169
    10	182
    11	260
    12	333
    13	348
    14	373
    15	458
    16	552
    17	584
    18	627
    19	636
    20	654
    21	677
    22	720
    23	866
    24	894
    25	910
    26	921
    27	1014
    28	1021
    29	1096
    30	1343
    31	1432
    32	1469
    33	1490
    34	1557
    35	1560
    36	1601
    37	1619
    38	1624
    39	1634
    40	1747
    41	1952
    42	2159
    43	2178
    44	2316
    45	2419
    46	2475
    47	2609
    48	2691
    49	2752
    50	2897
    51	2921
    52	3033
    53	3057
    54	3060
    55	3077
    56	3096
    57	3121
    58	3171
    59	3183
    60	3190
    61	3234
    62	3380
    63	3503
    64	3559
    65	3608
    66	3644
    67	3711
    68	3728
    69	3798
    70	3906
    71	3931
    72	3939
    73	4114
    74	4169
    75	4323
    76	4329
    77	4447
    78	4720
    79	4855
    80	4858
    81	4865
    82	4916
    83	4959
    84	4983
    85	5012
    86	5032
    87	5086
    88	5128
    89	5200
    90	5284
    91	5344
    92	5357
    93	5462
    94	5486
    95	5500
    96	5503
    97	5573
    98	5624
    99	5633
   100	5759
   101	5823
   102	5836
   103	6012
   104	6061
   105	6129
   106	6169
   107	6172
   108	6192
   109	6309
   110	6333
   111	6354
   112	6357
   113	6374
   114	6402
   115	6452
   116	6508
   117	6606
   118	6636
   119	6641
   120	6760
   121	6891
   122	6909
   123	6941
   124	6949
   125	6978
   126	7012
   127	7016
   128	7019
   129	7088
   130	7108
   131	7130
   132	7138
   133	7168
   134	7174
   135	7265
   136	7326
   137	7333
   138	7552
   139	7690
   140	7801
   141	7928
   142	8103
   143	8128
   144	8131
   145	8167
   146	8176
   147	8227
   148	8272
   149	8296
   150	8406
   151	8425
   152	8534
   153	8580
   154	8609
   155	8671
   156	8690
   157	8717
   158	8758
   159	8778
   160	8879
   161	8891
   162	8921
   163	9094
   164	9230
   165	9346
   166	9353
   167	9441
   168	9479
   169	9486
   170	9535
   171	9540
   172	9576
   173	9579
   174	9582
   175	9608
   176	9649
   177	9668
   178	9733
   179	9846
   180	9892
   181	9980
