1 2441 64 (True, 63.999999999989384, 46.15846106349908, 17.841538936490302, [11.81, 6.74, 6.74, 4.66, 3.42, 2.36, 2.36, 3.42, 4.66])
4882 too big
3 1901 60 (True, 59.99999999999936, 47.41103625904619, 12.588963740953169, [11.81, 6.73, 6.73, 5.08, 3.82, 2.17, 2.17, 3.82, 5.08])
4342 too big
5 1361 46 (True, 45.99999999999515, 40.28285023347922, 5.717149766515924, [11.81, 6.73, 6.73, 3.58, 2.78, 1.15, 1.15, 2.78, 3.58])
3802 too big
7 821 38 (True, 37.99999999999859, 27.473325515981866, 10.526674484016727, [11.81, 6.73, 6.73, 0.72, 0.7, -0.31, -0.31, 0.7, 0.72])
3262 too big
9 281 16 (True, 15.99999999999452, 13.831649055307123, 2.168350944687397, [11.81, 6.73, 6.73, -2.41, -1.65, -1.65, -1.65, -1.65, -2.41])
2722 too big
5163 too big
12 2182 60 (True, 59.99999999999457, 47.80414156279478, 12.195858437199789, [11.81, 6.72, 6.72, 5.11, 3.79, 2.38, 2.38, 3.79, 5.11])
4623 too big
14 1642 50 (True, 49.99999999999635, 44.91323718490946, 5.086762815086885, [11.81, 6.72, 6.72, 4.58, 3.51, 1.75, 1.75, 3.51, 4.58])
4083 too big
16 1102 44 (True, 43.99999999998865, 34.57800027179426, 9.421999728194393, [11.81, 6.72, 6.72, 2.32, 1.91, 0.44, 0.44, 1.91, 2.32])
3543 too big
18 562 26 (True, 25.999999999993516, 20.71158922501304, 5.288410774980477, [11.81, 6.71, 6.71, -0.83, -0.41, -1.03, -1.03, -0.41, -0.83])
3003 too big
20 22 5 (True, 4.999999999997133, 8.562384976846566, -3.562384976849433, [11.81, 6.71, 6.71, -3.65, -2.57, -2.11, -2.11, -2.57, -3.65])
21 2463 66 (True, 65.99999999998636, 45.80531102770645, 20.194688972279906, [11.81, 6.71, 6.71, 4.6, 3.33, 2.36, 2.36, 3.33, 4.6])
4904 too big
23 1923 48 (True, 47.99999999999095, 47.45038460128078, 0.5496153987101664, [11.81, 6.71, 6.71, 5.1, 3.84, 2.17, 2.17, 3.84, 5.1])
4364 too big
25 1383 42 (True, 41.99999999999684, 40.679669815583786, 1.3203301844130522, [11.81, 6.7, 6.7, 3.67, 2.91, 1.15, 1.15, 2.91, 3.67])
3824 too big
27 843 34 (True, 33.999999999998515, 28.057397397541916, 5.942602602456599, [11.81, 6.7, 6.7, 0.85, 0.88, -0.3, -0.3, 0.88, 0.85])
3284 too big
29 303 14 (True, 13.999999999994541, 14.361822681812283, -0.3618226818177419, [11.81, 6.7, 6.7, -2.3, -1.48, -1.65, -1.65, -1.48, -2.3])
2744 too big
5185 too big
32 2204 82 (True, 81.99999999999913, 47.62608319200602, 34.37391680799311, [11.81, 6.69, 6.69, 5.09, 3.75, 2.38, 2.38, 3.75, 5.09])
4645 too big
34 1664 54 (True, 53.999999999999844, 45.130178570382796, 8.869821429617048, [11.81, 6.69, 6.69, 4.64, 3.58, 1.75, 1.75, 3.58, 4.64])
4105 too big
36 1124 40 (True, 39.99999999999126, 35.08638167963116, 4.913618320360101, [11.81, 6.69, 6.69, 2.43, 2.07, 0.45, 0.45, 2.07, 2.43])
3565 too big
38 584 26 (True, 25.999999999994447, 21.29759148224278, 4.7024085177516675, [11.81, 6.68, 6.68, -0.7, -0.22, -1.02, -1.02, -0.22, -0.7])
3025 too big
40 44 8 (True, 7.9999999999990035, 8.982644763330514, -0.9826447633315105, [11.81, 6.68, 6.68, -3.56, -2.43, -2.1, -2.1, -2.43, -3.56])
41 2485 58 (True, 57.999999999998, 45.42317730950381, 12.576822690494197, [11.81, 6.68, 6.68, 4.54, 3.23, 2.36, 2.36, 3.23, 4.54])
4926 too big
43 1945 60 (True, 59.999999999995744, 47.457674708278994, 12.54232529171675, [11.81, 6.68, 6.68, 5.12, 3.85, 2.17, 2.17, 3.85, 5.12])
4386 too big
45 1405 48 (True, 47.99999999999099, 41.05072595907358, 6.949274040917409, [11.81, 6.67, 6.67, 3.76, 3.03, 1.16, 1.16, 3.03, 3.76])
3846 too big
47 865 52 (True, 51.99999999998995, 28.62899753890296, 23.37100246108699, [11.81, 6.67, 6.67, 0.98, 1.06, -0.3, -0.3, 1.06, 0.98])
3306 too big
49 325 18 (True, 17.999999999994827, 14.894803130104377, 3.1051968698904506, [11.81, 6.67, 6.67, -2.18, -1.3, -1.64, -1.64, -1.3, -2.18])
2766 too big
5207 too big
52 2226 64 (True, 63.99999999999594, 47.41645216858935, 16.58354783140659, [11.81, 6.66, 6.66, 5.06, 3.7, 2.38, 2.38, 3.7, 5.06])
4667 too big
54 1686 50 (True, 49.999999999998096, 45.31691519090046, 4.683084809097636, [11.81, 6.66, 6.66, 4.69, 3.65, 1.75, 1.75, 3.65, 4.69])
4127 too big
56 1146 30 (True, 29.999999999990997, 35.57460306357993, -5.574603063588931, [11.81, 6.66, 6.66, 2.55, 2.23, 0.46, 0.46, 2.23, 2.55])
3587 too big
58 606 26 (True, 25.99999999999266, 21.87836922795971, 4.121630772032951, [11.81, 6.65, 6.65, -0.57, -0.03, -1.02, -1.02, -0.03, -0.57])
3047 too big
60 66 8 (True, 7.999999999999355, 9.411876777840009, -1.4118767778406536, [11.81, 6.65, 6.65, -3.46, -2.28, -2.1, -2.1, -2.28, -3.46])
61 2507 80 (True, 79.9999999999997, 45.012639903317194, 34.98736009668251, [11.81, 6.65, 6.65, 4.47, 3.12, 2.36, 2.36, 3.12, 4.47])
4948 too big
63 1967 62 (True, 61.99999999999598, 47.4328534748696, 14.567146525126375, [11.81, 6.64, 6.64, 5.14, 3.86, 2.18, 2.18, 3.86, 5.14])
4408 too big
65 1427 48 (True, 47.99999999999766, 41.39536474665608, 6.604635253341584, [11.81, 6.64, 6.64, 3.85, 3.14, 1.16, 1.16, 3.14, 3.85])
3868 too big
67 887 34 (True, 33.99999999999249, 29.187129963757144, 4.812870036235346, [11.81, 6.64, 6.64, 1.11, 1.24, -0.29, -0.29, 1.24, 1.11])
3328 too big
69 347 16 (True, 15.999999999996273, 15.429640102022585, 0.5703598979736881, [11.81, 6.63, 6.63, -2.06, -1.12, -1.64, -1.64, -1.12, -2.06])
2788 too big
5229 too big
72 2248 62 (True, 61.99999999999747, 47.17554867399607, 14.824451326001402, [11.81, 6.63, 6.63, 5.04, 3.64, 2.38, 2.38, 3.64, 5.04])
4689 too big
74 1708 60 (True, 59.999999999995424, 45.473098035997026, 14.526901963998398, [11.81, 6.62, 6.62, 4.75, 3.7, 1.76, 1.76, 3.7, 4.75])
4149 too big
76 1168 42 (True, 41.99999999999005, 36.04181077817334, 5.95818922181671, [11.81, 6.62, 6.62, 2.66, 2.38, 0.46, 0.46, 2.38, 2.66])
3609 too big
78 628 32 (True, 31.999999999996085, 22.452898967355146, 9.547101032640938, [11.81, 6.62, 6.62, -0.43, 0.16, -1.01, -1.01, 0.16, -0.43])
3069 too big
80 88 10 (True, 9.999999999996765, 9.849286568813763, 0.15071343118300184, [11.81, 6.61, 6.61, -3.37, -2.12, -2.1, -2.1, -2.12, -3.37])
81 2529 58 (True, 57.99999999998913, 44.574322735522486, 13.425677264466643, [11.81, 6.61, 6.61, 4.41, 3.01, 2.36, 2.36, 3.01, 4.41])
4970 too big
83 1989 46 (True, 45.99999999999574, 47.37591922109846, -1.3759192211027198, [11.81, 6.61, 6.61, 5.15, 3.85, 2.18, 2.18, 3.85, 5.15])
4430 too big
85 1449 44 (True, 43.999999999994785, 41.712973267983706, 2.2870267320110784, [11.81, 6.6, 6.6, 3.94, 3.25, 1.17, 1.17, 3.25, 3.94])
3890 too big
87 909 36 (True, 35.99999999999151, 29.730815295373556, 6.2691847046179525, [11.81, 6.6, 6.6, 1.23, 1.42, -0.29, -0.29, 1.42, 1.23])
3350 too big
89 369 20 (True, 20.000000000000128, 15.965370691832678, 4.03462930816745, [11.81, 6.59, 6.59, -1.94, -0.94, -1.63, -1.63, -0.94, -1.94])
2810 too big
5251 too big
92 2270 72 (True, 71.99999999999662, 46.90372247873145, 25.096277521265165, [11.81, 6.59, 6.59, 5.01, 3.57, 2.39, 2.39, 3.57, 5.01])
4711 too big
94 1730 54 (True, 53.99999999999486, 45.59842682741232, 8.401573172582545, [11.81, 6.58, 6.58, 4.8, 3.75, 1.76, 1.76, 3.75, 4.8])
4171 too big
96 1190 36 (True, 35.99999999999326, 36.48718215207544, -0.48718215208218396, [11.81, 6.58, 6.58, 2.77, 2.52, 0.47, 0.47, 2.52, 2.77])
3631 too big
98 650 32 (True, 31.999999999998604, 23.020160206355474, 8.97983979364313, [11.81, 6.58, 6.58, -0.3, 0.34, -1.01, -1.01, 0.34, -0.3])
3091 too big
100 110 16 (True, 16.00000000000118, 10.294055028472034, 5.705944971529146, [11.81, 6.57, 6.57, -3.26, -1.97, -2.1, -2.1, -1.97, -3.26])
101 2551 56 (True, 55.9999999999896, 44.108892396149784, 11.891107603839814, [11.81, 6.57, 6.57, 4.34, 2.89, 2.36, 2.36, 2.89, 4.34])
4992 too big
103 2011 50 (True, 49.99999999999623, 47.28692172870682, 2.7130782712894046, [11.81, 6.56, 6.56, 5.16, 3.84, 2.18, 2.18, 3.84, 5.16])
4452 too big
105 1471 52 (True, 51.99999999999651, 42.0029809398417, 9.997019060154813, [11.81, 6.56, 6.56, 4.02, 3.34, 1.17, 1.17, 3.34, 4.02])
3912 too big
107 931 38 (True, 37.99999999999746, 30.259092856138476, 7.740907143858987, [11.81, 6.56, 6.56, 1.36, 1.59, -0.28, -0.28, 1.59, 1.36])
3372 too big
109 391 18 (True, 17.999999999996582, 16.50102146728755, 1.4989785327090317, [11.81, 6.55, 6.55, -1.81, -0.76, -1.63, -1.63, -0.76, -1.81])
2832 too big
5273 too big
112 2292 68 (True, 67.99999999999031, 46.60137224489131, 21.398627755099, [11.81, 6.55, 6.55, 4.97, 3.5, 2.39, 2.39, 3.5, 4.97])
4733 too big
114 1752 58 (True, 57.99999999999085, 45.69265068177827, 12.30734931821258, [11.81, 6.54, 6.54, 4.85, 3.79, 1.77, 1.77, 3.79, 4.85])
4193 too big
116 1212 48 (True, 47.99999999999393, 36.909927253702655, 11.090072746291277, [11.81, 6.54, 6.54, 2.88, 2.66, 0.47, 0.47, 2.66, 2.88])
3653 too big
118 672 36 (True, 36.000000000000554, 23.579137647716188, 12.420862352284367, [11.81, 6.53, 6.53, -0.17, 0.53, -1.0, -1.0, 0.53, -0.17])
3113 too big
120 132 8 (True, 7.999999999999106, 10.745340184826766, -2.7453401848276604, [11.81, 6.53, 6.53, -3.16, -1.8, -2.09, -2.09, -1.8, -3.16])
121 2573 70 (True, 69.99999999998951, 43.61705678296813, 26.382943217021385, [11.81, 6.52, 6.52, 4.26, 2.76, 2.36, 2.36, 2.76, 4.26])
5014 too big
123 2033 72 (True, 71.99999999999753, 47.165962170194256, 24.834037829803272, [11.81, 6.52, 6.52, 5.16, 3.82, 2.18, 2.18, 3.82, 5.16])
4474 too big
125 1493 54 (True, 53.99999999999494, 42.264860738657895, 11.735139261337046, [11.81, 6.52, 6.52, 4.1, 3.43, 1.18, 1.18, 3.43, 4.1])
3934 too big
127 953 32 (True, 31.99999999999629, 30.771022731353952, 1.228977268642339, [11.81, 6.51, 6.51, 1.49, 1.76, -0.28, -0.28, 1.76, 1.49])
3394 too big
129 413 22 (True, 21.999999999996643, 17.035610579610886, 4.964389420385757, [11.81, 6.51, 6.51, -1.69, -0.58, -1.63, -1.63, -0.58, -1.69])
2854 too big
5295 too big
132 2314 59 (True, 58.999999999996746, 46.268944727188554, 12.731055272808192, [11.81, 6.5, 6.5, 4.93, 3.41, 2.39, 2.39, 3.41, 4.93])
4755 too big
134 1774 62 (True, 61.99999999999682, 45.755568670216896, 16.24443132977992, [11.81, 6.49, 6.49, 4.89, 3.82, 1.77, 1.77, 3.82, 4.89])
4215 too big
136 1234 42 (True, 41.99999999999201, 37.309290590143675, 4.690709409848338, [11.81, 6.49, 6.49, 2.99, 2.79, 0.48, 0.48, 2.79, 2.99])
3675 too big
138 694 32 (True, 31.999999999996444, 24.12882338115948, 7.871176618836962, [11.81, 6.48, 6.48, -0.04, 0.72, -1.0, -1.0, 0.72, -0.04])
3135 too big
140 154 13 (True, 12.99999999999486, 11.202279049949738, 1.7977209500451217, [11.81, 6.48, 6.48, -3.06, -1.63, -2.09, -2.09, -1.63, -3.06])
141 2595 56 (True, 55.99999999999055, 43.09956366124358, 12.900436338746971, [11.81, 6.48, 6.48, 4.19, 2.63, 2.35, 2.35, 2.63, 4.19])
5036 too big
143 2055 62 (True, 61.999999999990145, 47.01319293063651, 14.986807069353638, [11.81, 6.47, 6.47, 5.16, 3.78, 2.19, 2.19, 3.78, 5.16])
4496 too big
145 1515 60 (True, 59.99999999999545, 42.49813034259017, 17.50186965740528, [11.81, 6.47, 6.47, 4.18, 3.52, 1.18, 1.18, 3.52, 4.18])
3956 too big
147 975 38 (True, 37.99999999999566, 31.265687792670057, 6.734312207325601, [11.81, 6.46, 6.46, 1.61, 1.93, -0.27, -0.27, 1.93, 1.61])
3416 too big
149 435 24 (True, 23.99999999999977, 17.568149897604727, 6.4318501023950425, [11.81, 6.46, 6.46, -1.56, -0.39, -1.62, -1.62, -0.39, -1.56])
2876 too big
5317 too big
152 2336 86 (True, 85.99999999999442, 45.90693387431803, 40.09306612567639, [11.81, 6.45, 6.45, 4.89, 3.32, 2.39, 2.39, 3.32, 4.89])
4777 too big
154 1796 58 (True, 57.999999999992944, 45.78703027355138, 12.212969726441564, [11.81, 6.44, 6.44, 4.93, 3.84, 1.77, 1.77, 3.84, 4.93])
4237 too big
156 1256 44 (True, 43.99999999999831, 37.68455273552969, 6.315447264468617, [11.81, 6.44, 6.44, 3.1, 2.92, 0.48, 0.48, 2.92, 3.1])
3697 too big
158 716 21 (True, 20.99999999999763, 24.668219062525385, -3.668219062527754, [11.81, 6.43, 6.43, 0.09, 0.9, -0.99, -0.99, 0.9, 0.09])
3157 too big
160 176 10 (True, 9.999999999996788, 11.663989520210173, -1.6639895202133843, [11.81, 6.43, 6.43, -2.95, -1.46, -2.09, -2.09, -1.46, -2.95])
161 2617 56 (True, 56.00000000000082, 42.55719914224649, 13.442800857754328, [11.81, 6.43, 6.43, 4.11, 2.49, 2.35, 2.35, 2.49, 4.11])
5058 too big
163 2077 62 (True, 61.999999999994245, 46.828817322647, 15.171182677347247, [11.81, 6.42, 6.42, 5.16, 3.74, 2.19, 2.19, 3.74, 5.16])
4518 too big
165 1537 50 (True, 49.999999999994785, 42.70235318043734, 7.297646819557443, [11.81, 6.42, 6.42, 4.26, 3.59, 1.19, 1.19, 3.59, 4.26])
3978 too big
167 997 34 (True, 33.99999999999629, 31.74219567641793, 2.2578043235783625, [11.81, 6.41, 6.41, 1.74, 2.09, -0.27, -0.27, 2.09, 1.74])
3438 too big
169 457 30 (True, 29.999999999995552, 18.097647160907208, 11.902352839088344, [11.81, 6.4, 6.4, -1.44, -0.2, -1.62, -1.62, -0.2, -1.44])
2898 too big
5339 too big
172 2358 58 (True, 57.999999999993285, 45.51587983269775, 12.484120167295536, [11.81, 6.4, 6.4, 4.85, 3.22, 2.39, 2.39, 3.22, 4.85])
4799 too big
174 1818 56 (True, 55.99999999999492, 45.78693573208752, 10.213064267907399, [11.81, 6.39, 6.39, 4.97, 3.86, 1.78, 1.78, 3.86, 4.97])
4259 too big
176 1278 40 (True, 39.99999999999273, 38.03503188504186, 1.9649681149508709, [11.81, 6.39, 6.39, 3.2, 3.04, 0.49, 0.49, 3.04, 3.2])
3719 too big
178 738 32 (True, 31.99999999999396, 25.196338076914188, 6.803661923079773, [11.81, 6.38, 6.38, 0.22, 1.08, -0.99, -0.99, 1.08, 0.22])
3179 too big
180 198 11 (True, 10.9999999999996, 12.1295723241082, -1.129572324108599, [11.81, 6.37, 6.37, -2.84, -1.29, -2.09, -2.09, -1.29, -2.84])
181 2639 74 (True, 74.00000000000195, 41.99078608399228, 32.009213916009664, [11.81, 6.37, 6.37, 4.03, 2.34, 2.35, 2.35, 2.34, 4.03])
5080 too big
183 2099 58 (True, 57.99999999999098, 46.61308919505234, 11.386910804938644, [11.81, 6.37, 6.37, 5.16, 3.69, 2.19, 2.19, 3.69, 5.16])
4540 too big
185 1559 40 (True, 40.00000000000025, 42.87713938511377, -2.877139385113523, [11.81, 6.36, 6.36, 4.33, 3.65, 1.19, 1.19, 3.65, 4.33])
4000 too big
187 1019 32 (True, 31.999999999996895, 32.19968071236705, -0.19968071237015295, [11.81, 6.35, 6.35, 1.86, 2.24, -0.26, -0.26, 2.24, 1.86])
3460 too big
189 479 26 (True, 25.999999999993662, 18.623108147451834, 7.376891852541828, [11.81, 6.35, 6.35, -1.31, -0.01, -1.61, -1.61, -0.01, -1.31])
2920 too big
5361 too big
192 2380 58 (True, 57.999999999991566, 45.09636785480311, 12.903632145188453, [11.81, 6.34, 6.34, 4.8, 3.11, 2.39, 2.39, 3.11, 4.8])
4821 too big
194 1840 52 (True, 51.999999999994685, 45.75523628911786, 6.244763710876825, [11.81, 6.33, 6.33, 5.0, 3.86, 1.78, 1.78, 3.86, 5.0])
4281 too big
196 1300 40 (True, 40.000000000000725, 38.36008533105498, 1.6399146689457424, [11.81, 6.33, 6.33, 3.3, 3.15, 0.49, 0.49, 3.15, 3.3])
3741 too big
198 760 32 (True, 31.999999999991704, 25.712207680871828, 6.287792319119877, [11.81, 6.32, 6.32, 0.35, 1.26, -0.98, -0.98, 1.26, 0.35])
3201 too big
200 220 12 (True, 11.999999999995326, 12.59811301315334, -0.598113013158013, [11.81, 6.32, 6.32, -2.73, -1.11, -2.08, -2.08, -1.11, -2.73])
201 2661 60 (True, 59.99999999999809, 41.40118241798902, 18.59881758200907, [11.81, 6.31, 6.31, 3.95, 2.19, 2.35, 2.35, 2.19, 3.95])
5102 too big
203 2121 62 (True, 61.99999999999307, 46.3663124362823, 15.633687563710772, [11.81, 6.31, 6.31, 5.15, 3.63, 2.19, 2.19, 3.63, 5.15])
4562 too big
205 1581 48 (True, 47.99999999999668, 43.02214664932813, 4.977853350668553, [11.81, 6.3, 6.3, 4.4, 3.71, 1.2, 1.2, 3.71, 4.4])
4022 too big
207 1041 46 (True, 45.9999999999982, 32.637305798382506, 13.362694201615696, [11.81, 6.3, 6.3, 1.98, 2.39, -0.25, -0.25, 2.39, 1.98])
3482 too big
209 501 28 (True, 27.999999999999464, 19.14353885013667, 8.856461149862792, [11.81, 6.29, 6.29, -1.18, 0.17, -1.61, -1.61, 0.17, -1.18])
2942 too big
5383 too big
212 2402 52 (True, 51.99999999999168, 44.64902711459258, 7.350972885399102, [11.81, 6.28, 6.28, 4.75, 3.0, 2.39, 2.39, 3.0, 4.75])
4843 too big
214 1862 66 (True, 66.0000000000011, 45.6919343275923, 20.308065672408794, [11.81, 6.27, 6.27, 5.03, 3.85, 1.78, 1.78, 3.85, 5.03])
4303 too big
216 1322 38 (True, 37.999999999995765, 38.6591108579231, -0.6591108579273381, [11.81, 6.27, 6.27, 3.4, 3.26, 0.5, 0.5, 3.26, 3.4])
3763 too big
218 782 36 (True, 35.99999999999549, 26.214871118594917, 9.78512888140057, [11.81, 6.26, 6.26, 0.49, 1.44, -0.98, -0.98, 1.44, 0.49])
3223 too big
220 242 16 (True, 15.999999999997584, 13.06868399122843, 2.931316008769155, [11.81, 6.26, 6.26, -2.62, -0.93, -2.08, -2.08, -0.93, -2.62])
221 2683 60 (True, 59.999999999988916, 40.789279405549635, 19.21072059443928, [11.81, 6.25, 6.25, 3.86, 2.03, 2.35, 2.35, 2.03, 3.86])
5124 too big
223 2143 54 (True, 53.999999999994905, 46.088840373468805, 7.9111596265261, [11.81, 6.25, 6.25, 5.14, 3.56, 2.2, 2.2, 3.56, 5.14])
4584 too big
225 1603 42 (True, 42.00000000000138, 43.13708098167109, -1.1370809816697118, [11.81, 6.24, 6.24, 4.47, 3.76, 1.2, 1.2, 3.76, 4.47])
4044 too big
227 1063 32 (True, 31.99999999999728, 33.05426421679356, -1.054264216796284, [11.81, 6.23, 6.23, 2.1, 2.54, -0.25, -0.25, 2.54, 2.1])
3504 too big
229 523 16 (True, 15.999999999997641, 19.65794765764037, -3.6579476576427297, [11.81, 6.23, 6.23, -1.06, 0.36, -1.61, -1.61, 0.36, -1.06])
2964 too big
5405 too big
232 2424 56 (True, 55.999999999999076, 44.174529432726786, 11.82547056727229, [11.81, 6.22, 6.22, 4.7, 2.88, 2.39, 2.39, 2.88, 4.7])
4865 too big
234 1884 62 (True, 61.999999999995815, 45.59708339965482, 16.402916600340994, [11.81, 6.21, 6.21, 5.06, 3.84, 1.79, 1.79, 3.84, 5.06])
4325 too big
236 1344 52 (True, 51.9999999999979, 38.93154805234316, 13.068451947654737, [11.81, 6.2, 6.2, 3.5, 3.35, 0.5, 0.5, 3.35, 3.5])
3785 too big
238 804 41 (True, 40.9999999999961, 26.70338970739001, 14.29661029260609, [11.81, 6.2, 6.2, 0.62, 1.61, -0.97, -0.97, 1.61, 0.62])
3245 too big
240 264 16 (True, 15.999999999999435, 13.540346577677237, 2.459653422322198, [11.81, 6.19, 6.19, -2.5, -0.74, -2.08, -2.08, -0.74, -2.5])
241 2705 48 (True, 47.999999999988866, 40.1559998278483, 7.844000172140568, [11.81, 6.19, 6.19, 3.77, 1.87, 2.35, 2.35, 1.87, 3.77])
5146 too big
243 2165 44 (True, 43.99999999999211, 45.78107506868837, -1.7810750686962535, [11.81, 6.18, 6.18, 5.12, 3.49, 2.2, 2.2, 3.49, 5.12])
4606 too big
245 1625 40 (True, 39.99999999999316, 43.221697361198316, -3.221697361205159, [11.81, 6.17, 6.17, 4.53, 3.8, 1.21, 1.21, 3.8, 4.53])
4066 too big
247 1085 34 (True, 33.99999999999817, 33.449781388117245, 0.550218611880922, [11.81, 6.17, 6.17, 2.22, 2.67, -0.24, -0.24, 2.67, 2.22])
3526 too big
249 545 26 (True, 25.999999999996067, 20.16534753439539, 5.834652465600676, [11.81, 6.16, 6.16, -0.93, 0.55, -1.6, -1.6, 0.55, -0.93])
2986 too big
251 5 4 (True, 3.9999999999989586, 8.393584042604695, -4.393584042605736, [11.81, 6.15, 6.15, -3.73, -1.79, -2.35, -2.35, -1.79, -3.73])
252 2446 42 (True, 42.00000000000254, 43.67358791445176, -1.6735879144492216, [11.81, 6.15, 6.15, 4.64, 2.75, 2.39, 2.39, 2.75, 4.64])
4887 too big
254 1906 48 (True, 47.999999999995936, 45.470788148957084, 2.529211851038852, [11.81, 6.14, 6.14, 5.08, 3.81, 1.79, 1.79, 3.81, 5.08])
4347 too big
256 1366 38 (True, 37.99999999999556, 39.17687952611349, -1.1768795261179292, [11.81, 6.14, 6.14, 3.6, 3.44, 0.51, 0.51, 3.44, 3.6])
3807 too big
258 826 36 (True, 35.99999999999964, 27.176844887510857, 8.82315511248878, [11.81, 6.13, 6.13, 0.75, 1.78, -0.97, -0.97, 1.78, 0.75])
3267 too big
260 286 20 (True, 20.000000000000206, 14.01215309937886, 5.987846900621346, [11.81, 6.12, 6.12, -2.39, -0.56, -2.07, -2.07, -0.56, -2.39])
2727 too big
5168 too big
263 2187 58 (True, 57.99999999999169, 45.44346651392381, 12.556533486067877, [11.81, 6.11, 6.11, 5.1, 3.4, 2.2, 2.2, 3.4, 5.1])
4628 too big
265 1647 68 (True, 67.9999999999942, 43.2758002891394, 24.724199710854805, [11.81, 6.11, 6.11, 4.59, 3.82, 1.21, 1.21, 3.82, 4.59])
4088 too big
267 1107 42 (True, 41.99999999999702, 33.823116558299475, 8.176883441697548, [11.81, 6.1, 6.1, 2.34, 2.81, -0.24, -0.24, 2.81, 2.34])
3548 too big
269 567 20 (True, 19.999999999996028, 20.66475819463214, -0.6647581946361107, [11.81, 6.09, 6.09, -0.8, 0.73, -1.6, -1.6, 0.73, -0.8])
3008 too big
271 27 4 (True, 4.000000000001393, 8.778179555611322, -4.778179555609929, [11.81, 6.08, 6.08, -3.63, -1.62, -2.35, -2.35, -1.62, -3.63])
272 2468 62 (True, 61.999999999993214, 43.146955503213306, 18.85304449677991, [11.81, 6.08, 6.08, 4.59, 2.61, 2.39, 2.39, 2.61, 4.59])
4909 too big
274 1928 48 (True, 47.99999999999494, 45.313204125835775, 2.6867958741591664, [11.81, 6.07, 6.07, 5.11, 3.78, 1.8, 1.8, 3.78, 5.11])
4369 too big
276 1388 50 (True, 49.9999999999982, 39.39463204863172, 10.605367951366482, [11.81, 6.07, 6.07, 3.69, 3.52, 0.52, 0.52, 3.52, 3.69])
3829 too big
278 848 32 (True, 31.999999999997264, 27.63434023163177, 4.365659768365493, [11.81, 6.06, 6.06, 0.88, 1.94, -0.96, -0.96, 1.94, 0.88])
3289 too big
280 308 16 (True, 15.999999999998813, 14.483149006908835, 1.516850993089978, [11.81, 6.05, 6.05, -2.27, -0.37, -2.07, -2.07, -0.37, -2.27])
2749 too big
5190 too big
283 2209 54 (True, 53.999999999993136, 45.076511726568114, 8.923488273425022, [11.81, 6.04, 6.04, 5.08, 3.31, 2.2, 2.2, 3.31, 5.08])
4650 too big
285 1669 50 (True, 49.999999999991005, 43.29924423633861, 6.700755763652396, [11.81, 6.03, 6.03, 4.65, 3.85, 1.22, 1.22, 3.85, 4.65])
4110 too big
287 1129 48 (True, 48.00000000000021, 34.17356441541024, 13.826435584589973, [11.81, 6.03, 6.03, 2.46, 2.93, -0.23, -0.23, 2.93, 2.46])
3570 too big
289 589 24 (True, 23.999999999999147, 21.155208265479477, 2.8447917345196707, [11.81, 6.02, 6.02, -0.67, 0.92, -1.59, -1.59, 0.92, -0.67])
3030 too big
291 49 8 (True, 7.999999999998062, 9.168647867184456, -1.1686478671863938, [11.81, 6.01, 6.01, -3.54, -1.44, -2.35, -2.35, -1.44, -3.54])
292 2490 58 (True, 57.99999999999766, 42.595423453400386, 15.404576546597276, [11.81, 6.01, 6.01, 4.52, 2.47, 2.39, 2.39, 2.47, 4.52])
4931 too big
294 1950 54 (True, 53.999999999997314, 45.12453749591885, 8.875462504078463, [11.81, 6.0, 6.0, 5.12, 3.74, 1.8, 1.8, 3.74, 5.12])
4391 too big
296 1410 44 (True, 43.99999999999394, 39.58437758638195, 4.415622413611992, [11.81, 5.99, 5.99, 3.78, 3.6, 0.52, 0.52, 3.6, 3.78])
3851 too big
298 870 32 (True, 31.999999999992916, 28.075003409383527, 3.924996590609389, [11.81, 5.98, 5.98, 1.01, 2.1, -0.96, -0.96, 2.1, 1.01])
3311 too big
300 330 18 (True, 17.999999999995435, 14.952375009909902, 3.0476249900855326, [11.81, 5.98, 5.98, -2.15, -0.18, -2.07, -2.07, -0.18, -2.15])
2771 too big
5212 too big
303 2231 46 (True, 45.99999999999578, 44.68075374749327, 1.3192462525025093, [11.81, 5.97, 5.97, 5.06, 3.21, 2.2, 2.2, 3.21, 5.06])
4672 too big
305 1691 46 (True, 45.999999999994905, 43.29193398549917, 2.708066014495735, [11.81, 5.96, 5.96, 4.71, 3.86, 1.22, 1.22, 3.86, 4.71])
4132 too big
307 1151 40 (True, 39.99999999999061, 34.50045663217932, 5.499543367811285, [11.81, 5.95, 5.95, 2.57, 3.05, -0.23, -0.23, 3.05, 2.57])
3592 too big
309 611 30 (True, 29.999999999998476, 21.635737434140008, 8.364262565858468, [11.81, 5.94, 5.94, -0.54, 1.1, -1.59, -1.59, 1.1, -0.54])
3052 too big
311 71 4 (True, 3.9999999999982014, 9.564127846908267, -5.564127846910066, [11.81, 5.93, 5.93, -3.44, -1.27, -2.34, -2.34, -1.27, -3.44])
312 2512 54 (True, 53.99999999999455, 42.019819725442034, 11.980180274552517, [11.81, 5.93, 5.93, 4.46, 2.33, 2.39, 2.39, 2.33, 4.46])
4953 too big
314 1972 59 (True, 58.999999999988205, 44.905044642671434, 14.09495535731677, [11.81, 5.92, 5.92, 5.14, 3.69, 1.8, 1.8, 3.69, 5.14])
4413 too big
316 1432 42 (True, 41.99999999999652, 39.745734247146125, 2.2542657528503938, [11.81, 5.92, 5.92, 3.87, 3.66, 0.53, 0.53, 3.66, 3.87])
3873 too big
318 892 22 (True, 22.000000000002228, 28.49798810235672, -6.497988102354494, [11.81, 5.91, 5.91, 1.14, 2.26, -0.95, -0.95, 2.26, 1.14])
3333 too big
320 352 18 (True, 17.999999999996994, 15.418869226691461, 2.5811307733055333, [11.81, 5.9, 5.9, -2.03, 0.0, -2.07, -2.07, 0.0, -2.03])
2793 too big
5234 too big
323 2253 60 (True, 59.999999999991786, 44.25678054401908, 15.743219455972707, [11.81, 5.89, 5.89, 5.03, 3.1, 2.21, 2.21, 3.1, 5.03])
4694 too big
325 1713 62 (True, 61.99999999999103, 43.25382486736941, 18.746175132621623, [11.81, 5.88, 5.88, 4.76, 3.86, 1.23, 1.23, 3.86, 4.76])
4154 too big
327 1173 44 (True, 43.99999999998904, 34.80316333078337, 9.196836669205673, [11.81, 5.87, 5.87, 2.69, 3.16, -0.22, -0.22, 3.16, 2.69])
3614 too big
329 633 26 (True, 25.999999999995364, 22.105398574131744, 3.8946014258636197, [11.81, 5.86, 5.86, -0.4, 1.28, -1.58, -1.58, 1.28, -0.4])
3074 too big
331 93 8 (True, 7.999999999999523, 9.96374263418959, -1.9637426341900666, [11.81, 5.86, 5.86, -3.34, -1.09, -2.34, -2.34, -1.09, -3.34])
332 2534 50 (True, 49.99999999999727, 41.421007307224286, 8.578992692772985, [11.81, 5.85, 5.85, 4.39, 2.17, 2.39, 2.39, 2.17, 4.39])
4975 too big
334 1994 42 (True, 42.00000000000287, 44.655031664863955, -2.6550316648610846, [11.81, 5.84, 5.84, 5.15, 3.63, 1.81, 1.81, 3.63, 5.15])
4435 too big
336 1454 30 (True, 29.999999999999034, 39.87836712664069, -9.878367126641656, [11.81, 5.83, 5.83, 3.96, 3.71, 0.53, 0.53, 3.71, 3.96])
3895 too big
338 914 30 (True, 29.999999999996, 28.90247586515428, 1.09752413484172, [11.81, 5.83, 5.83, 1.26, 2.41, -0.95, -0.95, 2.41, 1.26])
3355 too big
340 374 18 (True, 17.99999999999415, 15.881669343064459, 2.1183306569296896, [11.81, 5.82, 5.82, -1.91, 0.19, -2.06, -2.06, 0.19, -1.91])
2815 too big
5256 too big
343 2275 48 (True, 47.99999999999682, 43.80522382023681, 4.194776179760005, [11.81, 5.81, 5.81, 5.0, 2.99, 2.21, 2.21, 2.99, 5.0])
4716 too big
345 1735 36 (True, 36.00000000000068, 43.184922890333404, -7.184922890332722, [11.81, 5.8, 5.8, 4.81, 3.85, 1.23, 1.23, 3.85, 4.81])
4176 too big
347 1195 26 (True, 25.999999999995733, 35.08109446647974, -9.081094466484007, [11.81, 5.79, 5.79, 2.8, 3.27, -0.22, -0.22, 3.27, 2.8])
3636 too big
349 655 22 (True, 21.999999999995385, 22.563259845709137, -0.5632598457137519, [11.81, 5.78, 5.78, -0.27, 1.45, -1.58, -1.58, 1.45, -0.27])
3096 too big
351 115 14 (True, 13.999999999997982, 10.3666016483402, 3.6333983516577817, [11.81, 5.77, 5.77, -3.24, -0.91, -2.34, -2.34, -0.91, -3.24])
352 2556 42 (True, 41.999999999986336, 40.79988246533439, 1.2001175346519446, [11.81, 5.77, 5.77, 4.32, 2.02, 2.39, 2.39, 2.02, 4.32])
4997 too big
354 2016 58 (True, 57.99999999999316, 44.374853770028444, 13.625146229964713, [11.81, 5.76, 5.76, 5.16, 3.56, 1.81, 1.81, 3.56, 5.16])
4457 too big
356 1476 40 (True, 39.9999999999925, 39.981989055750944, 0.018010944241552806, [11.81, 5.75, 5.75, 4.04, 3.76, 0.54, 0.54, 3.76, 4.04])
3917 too big
358 936 28 (True, 27.999999999994714, 29.2876779282825, -1.2876779282877848, [11.81, 5.74, 5.74, 1.39, 2.55, -0.94, -0.94, 2.55, 1.39])
3377 too big
360 396 24 (True, 23.999999999997147, 16.339814775388927, 7.66018522460822, [11.81, 5.73, 5.73, -1.79, 0.38, -2.06, -2.06, 0.38, -1.79])
2837 too big
5278 too big
363 2297 34 (True, 33.99999999999101, 43.32675773735772, -9.326757737366705, [11.81, 5.72, 5.72, 4.96, 2.87, 2.21, 2.21, 2.87, 4.96])
4738 too big
365 1757 42 (True, 41.99999999999813, 43.085284763100624, -1.0852847631024929, [11.81, 5.71, 5.71, 4.86, 3.84, 1.24, 1.24, 3.84, 4.86])
4198 too big
367 1217 38 (True, 37.999999999997385, 35.33370112692516, 2.666298873072222, [11.81, 5.7, 5.7, 2.91, 3.36, -0.21, -0.21, 3.36, 2.91])
3658 too big
369 677 22 (True, 21.999999999998558, 23.00840676554322, -1.0084067655446631, [11.81, 5.7, 5.7, -0.14, 1.62, -1.58, -1.58, 1.62, -0.14])
3118 too big
371 137 6 (True, 6.000000000000776, 10.771802632423345, -4.771802632422569, [11.81, 5.69, 5.69, -3.14, -0.73, -2.34, -2.34, -0.73, -3.14])
372 2578 36 (True, 35.99999999999726, 40.1573729303085, -4.15737293031124, [11.81, 5.68, 5.68, 4.25, 1.85, 2.39, 2.39, 1.85, 4.25])
5019 too big
374 2038 54 (True, 53.99999999999354, 44.06491456540703, 9.935085434586512, [11.81, 5.67, 5.67, 5.16, 3.48, 1.81, 1.81, 3.48, 5.16])
4479 too big
376 1498 18 (True, 17.999999999990198, 40.05636124654541, -22.05636124655521, [11.81, 5.67, 5.67, 4.12, 3.8, 0.54, 0.54, 3.8, 4.12])
3939 too big
378 958 30 (True, 29.99999999999605, 29.652836938574634, 0.3471630614214156, [11.81, 5.66, 5.66, 1.52, 2.69, -0.94, -0.94, 2.69, 1.52])
3399 too big
380 418 35 (False, 34.99999999999638, 16.792348832813612, 18.20765116718277, [11.81, 5.65, 5.65, -1.66, 0.57, -2.06, -2.06, 0.57, -1.66])
2859 too big
5300 too big
383 2319 28 (True, 27.999999999988532, 42.82209754707338, -14.822097547084851, [11.81, 5.63, 5.63, 4.93, 2.74, 2.21, 2.21, 2.74, 4.93])
4760 too big
385 1779 32 (True, 31.999999999997573, 42.95501781048462, -10.955017810487046, [11.81, 5.63, 5.63, 4.9, 3.81, 1.24, 1.24, 3.81, 4.9])
4220 too big
387 1239 32 (True, 31.999999999997378, 35.560476744239295, -3.5604767442419174, [11.81, 5.62, 5.62, 3.02, 3.45, -0.2, -0.2, 3.45, 3.02])
3680 too big
389 699 34 (True, 33.9999999999985, 23.439944240953526, 10.560055759044975, [11.81, 5.61, 5.61, -0.01, 1.79, -1.57, -1.57, 1.79, -0.01])
3140 too big
391 159 16 (True, 15.999999999999265, 11.178433726095205, 4.821566273904059, [11.81, 5.6, 5.6, -3.03, -0.54, -2.34, -2.34, -0.54, -3.03])
392 2600 34 (True, 34.00000000000329, 39.49443601987317, -5.49443601986988, [11.81, 5.59, 5.59, 4.17, 1.69, 2.39, 2.39, 1.69, 4.17])
5041 too big
394 2060 51 (True, 50.99999999999366, 43.72566524783644, 7.274334752157223, [11.81, 5.58, 5.58, 5.16, 3.4, 1.82, 1.82, 3.4, 5.16])
4501 too big
396 1520 46 (True, 45.999999999993925, 40.10129383559479, 5.898706164399137, [11.81, 5.58, 5.58, 4.2, 3.83, 0.55, 0.55, 3.83, 4.2])
3961 too big
398 980 32 (True, 31.999999999994678, 29.997228633216597, 2.002771366778081, [11.81, 5.57, 5.57, 1.64, 2.82, -0.93, -0.93, 2.82, 1.64])
3421 too big
400 440 26 (True, 26.00000000000062, 17.238320873690178, 8.761679126310444, [11.81, 5.56, 5.56, -1.54, 0.75, -2.05, -2.05, 0.75, -1.54])
2881 too big
5322 too big
403 2341 30 (True, 29.99999999999469, 42.291998140956885, -12.291998140962196, [11.81, 5.54, 5.54, 4.88, 2.6, 2.22, 2.22, 2.6, 4.88])
4782 too big
405 1801 36 (True, 36.00000000000037, 42.79427978236062, -6.794279782360249, [11.81, 5.53, 5.53, 4.94, 3.78, 1.25, 1.25, 3.78, 4.94])
4242 too big
407 1261 38 (True, 37.99999999999577, 35.76095821686884, 2.239041783126929, [11.81, 5.53, 5.53, 3.12, 3.53, -0.2, -0.2, 3.53, 3.12])
3702 too big
409 721 36 (True, 35.99999999999713, 23.856998563892365, 12.143001436104765, [11.81, 5.52, 5.52, 0.12, 1.96, -1.57, -1.57, 1.96, 0.12])
3162 too big
411 181 12 (True, 11.999999999996131, 11.585575562578551, 0.41442443741757984, [11.81, 5.51, 5.51, -2.92, -0.35, -2.34, -2.34, -0.35, -2.92])
412 2622 27 (True, 26.999999999993044, 38.81205670447041, -11.812056704477364, [11.81, 5.5, 5.5, 4.09, 1.52, 2.39, 2.39, 1.52, 4.09])
5063 too big
414 2082 46 (True, 45.99999999999635, 43.357603694540884, 2.6423963054554633, [11.81, 5.49, 5.49, 5.16, 3.3, 1.82, 1.82, 3.3, 5.16])
4523 too big
416 1542 36 (True, 35.999999999992845, 40.11664632339269, -4.1166463233998485, [11.81, 5.48, 5.48, 4.27, 3.85, 0.55, 0.55, 3.85, 4.27])
3983 too big
418 1002 30 (True, 29.999999999997698, 30.320163443528177, -0.320163443530479, [11.81, 5.47, 5.47, 1.77, 2.94, -0.93, -0.93, 2.94, 1.77])
3443 too big
420 462 30 (True, 30.00000000000065, 17.67678845109276, 12.323211548907889, [11.81, 5.46, 5.46, -1.41, 0.93, -2.05, -2.05, 0.93, -1.41])
2903 too big
5344 too big
423 2363 30 (True, 29.999999999995634, 41.737252519263606, -11.737252519267972, [11.81, 5.45, 5.45, 4.84, 2.46, 2.22, 2.22, 2.46, 4.84])
4804 too big
425 1823 48 (True, 48.00000000000053, 42.60327855629785, 5.396721443702681, [11.81, 5.44, 5.44, 4.98, 3.73, 1.25, 1.25, 3.73, 4.98])
4264 too big
427 1283 34 (True, 33.999999999993925, 35.93472693883163, -1.9347269388377057, [11.81, 5.43, 5.43, 3.23, 3.6, -0.19, -0.19, 3.6, 3.23])
3724 too big
429 743 34 (True, 33.99999999999384, 24.258719360095267, 9.741280639898573, [11.81, 5.42, 5.42, 0.25, 2.12, -1.56, -1.56, 2.12, 0.25])
3184 too big
431 203 14 (True, 13.999999999997627, 11.992303384872692, 2.007696615124935, [11.81, 5.41, 5.41, -2.82, -0.17, -2.34, -2.34, -0.17, -2.82])
432 2644 20 (True, 19.999999999994493, 38.111245619543155, -18.11124561954866, [11.81, 5.41, 5.41, 4.01, 1.34, 2.39, 2.39, 1.34, 4.01])
5085 too big
434 2104 33 (True, 32.99999999999632, 42.96127345684668, -9.961273456850364, [11.81, 5.4, 5.4, 5.15, 3.2, 1.82, 1.82, 3.2, 5.15])
4545 too big
436 1564 42 (True, 41.99999999999476, 40.10232790883385, 1.8976720911609135, [11.81, 5.39, 5.39, 4.35, 3.86, 0.56, 0.56, 3.86, 4.35])
4005 too big
438 1024 34 (True, 34.00000000000028, 30.620988024695265, 3.379011975305012, [11.81, 5.38, 5.38, 1.89, 3.06, -0.92, -0.92, 3.06, 1.89])
3465 too big
440 484 22 (True, 21.99999999999489, 18.106819442515068, 3.8931805574798233, [11.81, 5.37, 5.37, -1.28, 1.11, -2.05, -2.05, 1.11, -1.28])
2925 too big
5366 too big
443 2385 36 (True, 35.9999999999908, 41.158690182499114, -5.158690182508316, [11.81, 5.35, 5.35, 4.79, 2.31, 2.22, 2.22, 2.31, 4.79])
4826 too big
445 1845 36 (True, 35.99999999999413, 42.382271734516394, -6.382271734522263, [11.81, 5.34, 5.34, 5.01, 3.68, 1.26, 1.26, 3.68, 5.01])
4286 too big
447 1305 44 (True, 43.9999999999922, 36.08140973383918, 7.918590266153018, [11.81, 5.33, 5.33, 3.33, 3.66, -0.19, -0.19, 3.66, 3.33])
3746 too big
449 765 30 (True, 29.999999999996245, 24.64428148891075, 5.355718511085495, [11.81, 5.32, 5.32, 0.38, 2.27, -1.56, -1.56, 2.27, 0.38])
3206 too big
451 225 18 (True, 17.999999999996685, 12.397689176238995, 5.602310823757691, [11.81, 5.31, 5.31, -2.7, 0.02, -2.34, -2.34, 0.02, -2.7])
452 2666 36 (True, 35.999999999996525, 37.393037028925896, -1.3930370289293705, [11.81, 5.31, 5.31, 3.93, 1.16, 2.4, 2.4, 1.16, 3.93])
5107 too big
454 2126 40 (True, 39.999999999998444, 42.53726265911967, -2.5372626591212253, [11.81, 5.3, 5.3, 5.15, 3.09, 1.83, 1.83, 3.09, 5.15])
4567 too big
456 1586 48 (True, 47.99999999999346, 40.05829771793042, 7.941702282063041, [11.81, 5.29, 5.29, 4.41, 3.86, 0.56, 0.56, 3.86, 4.41])
4027 too big
458 1046 34 (True, 34.000000000000334, 30.899086708023653, 3.1009132919766813, [11.81, 5.28, 5.28, 2.01, 3.17, -0.92, -0.92, 3.17, 2.01])
3487 too big
460 506 17 (True, 16.999999999994422, 18.527494158739103, -1.5274941587446804, [11.81, 5.27, 5.27, -1.16, 1.29, -2.05, -2.05, 1.29, -1.16])
2947 too big
5388 too big
463 2407 26 (True, 26.00000000000576, 40.55717544966744, -14.557175449661681, [11.81, 5.25, 5.25, 4.74, 2.16, 2.22, 2.22, 2.16, 4.74])
4848 too big
465 1867 26 (True, 25.999999999993907, 42.13156613615476, -16.131566136160853, [11.81, 5.24, 5.24, 5.04, 3.62, 1.26, 1.26, 3.62, 5.04])
4308 too big
467 1327 20 (True, 19.999999999992973, 36.20067969223089, -16.20067969223792, [11.81, 5.23, 5.23, 3.43, 3.72, -0.18, -0.18, 3.72, 3.43])
3768 too big
469 787 36 (True, 35.999999999993264, 25.01288688931438, 10.987113110678884, [11.81, 5.22, 5.22, 0.52, 2.42, -1.56, -1.56, 2.42, 0.52])
3228 too big
471 247 18 (True, 17.99999999999523, 12.800803799985296, 5.199196200009933, [11.81, 5.21, 5.21, -2.59, 0.21, -2.33, -2.33, 0.21, -2.59])
472 2688 28 (True, 27.999999999996966, 36.65848674401303, -8.658486744016066, [11.81, 5.21, 5.21, 3.84, 0.98, 2.4, 2.4, 0.98, 3.84])
5129 too big
474 2148 36 (True, 35.999999999987786, 42.08620280540552, -6.086202805417734, [11.81, 5.2, 5.2, 5.13, 2.98, 1.83, 1.83, 2.98, 5.13])
4589 too big
476 1608 38 (True, 37.99999999999865, 39.984564926326414, -1.9845649263277636, [11.81, 5.19, 5.19, 4.48, 3.85, 0.57, 0.57, 3.85, 4.48])
4049 too big
478 1068 34 (True, 33.99999999999553, 31.153882872280853, 2.8461171277146775, [11.81, 5.18, 5.18, 2.13, 3.28, -0.91, -0.91, 3.28, 2.13])
3509 too big
480 528 28 (True, 27.999999999995985, 18.93790742700401, 9.062092572991975, [11.81, 5.17, 5.17, -1.03, 1.47, -2.04, -2.04, 1.47, -1.03])
2969 too big
5410 too big
483 2429 44 (True, 43.99999999999635, 39.9336057065602, 4.066394293436147, [11.81, 5.15, 5.15, 4.69, 2.0, 2.22, 2.22, 2.0, 4.69])
4870 too big
485 1889 46 (True, 45.999999999995616, 41.851517185831554, 4.148482814164062, [11.81, 5.14, 5.14, 5.07, 3.55, 1.26, 1.26, 3.55, 5.07])
4330 too big
487 1349 38 (True, 38.000000000001606, 36.29225690872366, 1.7077430912779477, [11.81, 5.13, 5.13, 3.52, 3.77, -0.18, -0.18, 3.77, 3.52])
3790 too big
489 809 26 (True, 25.99999999999661, 25.36376636793974, 0.6362336320568716, [11.81, 5.12, 5.12, 0.65, 2.56, -1.55, -1.55, 2.56, 0.65])
3250 too big
491 269 18 (True, 17.99999999999701, 13.200719143521722, 4.799280856475287, [11.81, 5.11, 5.11, -2.48, 0.4, -2.33, -2.33, 0.4, -2.48])
492 2710 13 (True, 12.999999999994596, 35.90867000350614, -22.908670003511542, [11.81, 5.11, 5.11, 3.75, 0.8, 2.4, 2.4, 0.8, 3.75])
5151 too big
494 2170 30 (True, 29.999999999997247, 41.60876749659574, -11.608767496598492, [11.81, 5.09, 5.09, 5.12, 2.85, 1.84, 1.84, 2.85, 5.12])
4611 too big
496 1630 38 (True, 37.99999999999808, 39.881188775244716, -1.8811887752466347, [11.81, 5.08, 5.08, 4.55, 3.83, 0.57, 0.57, 3.83, 4.55])
4071 too big
498 1090 40 (True, 39.99999999999586, 31.384840231000844, 8.615159768995014, [11.81, 5.07, 5.07, 2.25, 3.37, -0.91, -0.91, 3.37, 2.25])
3531 too big
500 550 24 (True, 23.999999999994778, 19.337170643573394, 4.662829356421383, [11.81, 5.06, 5.06, -0.9, 1.64, -2.04, -2.04, 1.64, -0.9])
2991 too big
502 10 4 (True, 3.999999999996087, 8.292711226026485, -4.292711226030399, [11.81, 5.05, 5.05, -3.71, -0.71, -2.4, -2.4, -0.71, -3.71])
503 2451 36 (True, 35.9999999999875, 39.288909588671295, -3.2889095886837936, [11.81, 5.05, 5.05, 4.63, 1.84, 2.23, 2.23, 1.84, 4.63])
4892 too big
505 1911 30 (True, 30.000000000002323, 41.542528200114816, -11.542528200112493, [11.81, 5.04, 5.04, 5.09, 3.47, 1.27, 1.27, 3.47, 5.09])
4352 too big
507 1371 20 (True, 19.999999999991243, 36.355909119307206, -16.355909119315964, [11.81, 5.03, 5.03, 3.62, 3.8, -0.17, -0.17, 3.8, 3.62])
3812 too big
509 831 18 (True, 17.999999999999044, 25.696181324883455, -7.69618132488441, [11.81, 5.02, 5.02, 0.78, 2.7, -1.55, -1.55, 2.7, 0.78])
3272 too big
511 291 16 (True, 15.9999999999961, 13.59651026169761, 2.4034897382984894, [11.81, 5.0, 5.0, -2.36, 0.58, -2.33, -2.33, 0.58, -2.36])
2732 too big
5173 too big
514 2192 48 (True, 47.99999999999942, 41.10567106085773, 6.894328939141687, [11.81, 4.99, 4.99, 5.1, 2.72, 1.84, 1.84, 2.72, 5.1])
4633 too big
516 1652 42 (True, 42.00000000000182, 39.7482784808776, 2.2517215191242173, [11.81, 4.98, 4.98, 4.61, 3.81, 0.58, 0.58, 3.81, 4.61])
4093 too big
518 1112 22 (True, 21.999999999991356, 31.591464032722666, -9.59146403273131, [11.81, 4.97, 4.97, 2.37, 3.46, -0.9, -0.9, 3.46, 2.37])
3553 too big
520 572 22 (True, 21.999999999996085, 19.724413790975063, 2.2755862090210215, [11.81, 4.96, 4.96, -0.77, 1.81, -2.04, -2.04, 1.81, -0.77])
3013 too big
522 32 5 (True, 4.9999999999976215, 8.633453751159935, -3.633453751162314, [11.81, 4.95, 4.95, -3.61, -0.52, -2.4, -2.4, -0.52, -3.61])
523 2473 22 (True, 21.99999999999589, 38.62404510227333, -16.62404510227744, [11.81, 4.94, 4.94, 4.57, 1.67, 2.23, 2.23, 1.67, 4.57])
4914 too big
525 1933 22 (True, 21.999999999993364, 41.20504957337008, -19.20504957337672, [11.81, 4.93, 4.93, 5.11, 3.39, 1.27, 1.27, 3.39, 5.11])
4374 too big
527 1393 40 (True, 39.99999999999072, 36.39145223584653, 3.608547764144191, [11.81, 4.92, 4.92, 3.71, 3.83, -0.17, -0.17, 3.83, 3.71])
3834 too big
529 853 28 (True, 27.999999999987416, 26.009425413336746, 1.9905745866506699, [11.81, 4.91, 4.91, 0.91, 2.83, -1.54, -1.54, 2.83, 0.91])
3294 too big
531 313 12 (True, 11.999999999995378, 13.987257514366487, -1.9872575143711089, [11.81, 4.9, 4.9, -2.24, 0.77, -2.33, -2.33, 0.77, -2.24])
2754 too big
5195 too big
534 2214 36 (True, 35.999999999995346, 40.57766710061361, -4.577667100618264, [11.81, 4.88, 4.88, 5.08, 2.59, 1.84, 1.84, 2.59, 5.08])
4655 too big
536 1674 30 (True, 29.999999999987367, 39.58599303737355, -9.585993037386181, [11.81, 4.87, 4.87, 4.66, 3.77, 0.59, 0.59, 3.77, 4.66])
4115 too big
538 1134 32 (True, 31.999999999997247, 31.773302171487188, 0.22669782851005849, [11.81, 4.86, 4.86, 2.48, 3.54, -0.9, -0.9, 3.54, 2.48])
3575 too big
540 594 22 (True, 21.99999999999551, 20.09878741518755, 1.9012125848079577, [11.81, 4.85, 4.85, -0.64, 1.97, -2.03, -2.03, 1.97, -0.64])
3035 too big
542 54 10 (True, 9.999999999996385, 8.976079204626737, 1.0239207953696479, [11.81, 4.83, 4.83, -3.52, -0.34, -2.4, -2.4, -0.34, -3.52])
543 2495 44 (True, 43.99999999999888, 37.939997688293666, 6.060002311705212, [11.81, 4.83, 4.83, 4.51, 1.5, 2.23, 2.23, 1.5, 4.51])
4936 too big
545 1955 38 (True, 37.99999999999612, 40.8395778649146, -2.839577864918482, [11.81, 4.82, 4.82, 5.13, 3.29, 1.28, 1.28, 3.29, 5.13])
4396 too big
547 1415 32 (True, 31.999999999986997, 36.3987507770609, -4.3987507770739, [11.81, 4.81, 4.81, 3.8, 3.85, -0.16, -0.16, 3.85, 3.8])
3856 too big
549 875 20 (True, 19.999999999995104, 26.302826129212658, -6.302826129217554, [11.81, 4.8, 4.8, 1.04, 2.96, -1.54, -1.54, 2.96, 1.04])
3316 too big
551 335 26 (False, 25.99999999999334, 14.37204869320507, 11.627951306788269, [11.81, 4.78, 4.78, -2.12, 0.95, -2.33, -2.33, 0.95, -2.12])
2776 too big
5217 too big
554 2236 22 (True, 21.999999999985683, 40.02554695932925, -18.025546959343565, [11.81, 4.77, 4.77, 5.05, 2.45, 1.85, 1.85, 2.45, 5.05])
4677 too big
556 1696 28 (True, 27.99999999999887, 39.394540913984954, -11.394540913986084, [11.81, 4.76, 4.76, 4.72, 3.73, 0.59, 0.59, 3.73, 4.72])
4137 too big
558 1156 24 (True, 23.999999999992045, 31.929946204879016, -7.929946204886971, [11.81, 4.74, 4.74, 2.6, 3.61, -0.89, -0.89, 3.61, 2.6])
3597 too big
560 616 22 (True, 22.000000000000842, 20.45946455817295, 1.5405354418278918, [11.81, 4.73, 4.73, -0.51, 2.13, -2.03, -2.03, 2.13, -0.51])
3057 too big
562 76 5 (True, 4.9999999999975655, 9.319698137442632, -4.319698137445067, [11.81, 4.72, 4.72, -3.42, -0.15, -2.4, -2.4, -0.15, -3.42])
563 2517 32 (True, 31.99999999998937, 37.23777823329775, -5.237778233308383, [11.81, 4.72, 4.72, 4.44, 1.32, 2.23, 2.23, 1.32, 4.44])
4958 too big
565 1977 22 (True, 21.999999999999908, 40.44665478952207, -18.446654789522164, [11.81, 4.71, 4.71, 5.14, 3.19, 1.28, 1.28, 3.19, 5.14])
4418 too big
567 1437 42 (True, 41.999999999991594, 36.37771819500746, 5.622281804984134, [11.81, 4.69, 4.69, 3.89, 3.86, -0.15, -0.15, 3.86, 3.89])
3878 too big
569 897 32 (True, 31.999999999990326, 26.575746326939495, 5.424253673050831, [11.81, 4.68, 4.68, 1.16, 3.07, -1.53, -1.53, 3.07, 1.16])
3338 too big
571 357 24 (True, 23.99999999999281, 14.749981132781635, 9.250018867211175, [11.81, 4.67, 4.67, -2.0, 1.13, -2.33, -2.33, 1.13, -2.0])
2798 too big
5239 too big
574 2258 30 (True, 29.99999999999015, 39.45013811154636, -9.45013811155621, [11.81, 4.65, 4.65, 5.02, 2.3, 1.85, 1.85, 2.3, 5.02])
4699 too big
576 1718 32 (True, 31.999999999997918, 39.17417964684226, -7.174179646844344, [11.81, 4.64, 4.64, 4.77, 3.68, 0.6, 0.6, 3.68, 4.77])
4159 too big
578 1178 26 (True, 26.00000000000086, 32.061032277451325, -6.061032277450465, [11.81, 4.63, 4.63, 2.71, 3.67, -0.88, -0.88, 3.67, 2.71])
3619 too big
580 638 27 (True, 26.999999999999062, 20.80564264123222, 6.19435735876684, [11.81, 4.62, 4.62, -0.37, 2.28, -2.03, -2.03, 2.28, -0.37])
3079 too big
582 98 10 (True, 9.999999999999226, 9.663417152918417, 0.336582847080809, [11.81, 4.61, 4.61, -3.32, 0.04, -2.4, -2.4, 0.04, -3.32])
583 2539 26 (True, 25.999999999986485, 36.518421032013784, -10.518421032027298, [11.81, 4.6, 4.6, 4.38, 1.15, 2.23, 2.23, 1.15, 4.38])
4980 too big
585 1999 26 (True, 25.99999999999938, 40.02686611363935, -14.026866113639972, [11.81, 4.59, 4.59, 5.15, 3.08, 1.29, 1.29, 3.08, 5.15])
4440 too big
587 1459 34 (True, 34.00000000000148, 36.328317096212, -2.328317096210519, [11.81, 4.58, 4.58, 3.97, 3.86, -0.15, -0.15, 3.86, 3.97])
3900 too big
589 919 20 (True, 19.999999999997144, 26.827585658157965, -6.827585658160821, [11.81, 4.57, 4.57, 1.29, 3.18, -1.53, -1.53, 3.18, 1.29])
3360 too big
591 379 14 (True, 13.999999999998693, 15.120163800955776, -1.1201638009570836, [11.81, 4.55, 4.55, -1.88, 1.31, -2.33, -2.33, 1.31, -1.88])
2820 too big
5261 too big
594 2280 20 (True, 19.99999999999237, 38.85230247990164, -18.85230247990927, [11.81, 4.54, 4.54, 4.99, 2.14, 1.85, 1.85, 2.14, 4.99])
4721 too big
596 1740 34 (True, 33.99999999999798, 38.92521532657481, -4.925215326576826, [11.81, 4.52, 4.52, 4.82, 3.61, 0.6, 0.6, 3.61, 4.82])
4181 too big
598 1200 28 (True, 27.999999999995485, 32.16624194714024, -4.1662419471447585, [11.81, 4.51, 4.51, 2.82, 3.72, -0.88, -0.88, 3.72, 2.82])
3641 too big
600 660 24 (True, 23.999999999995456, 21.13654529484875, 2.8634547051467045, [11.81, 4.5, 4.5, -0.24, 2.43, -2.03, -2.03, 2.43, -0.24])
3101 too big
602 120 8 (True, 7.999999999993138, 10.006341026600095, -2.0063410266069575, [11.81, 4.49, 4.49, -3.22, 0.23, -2.4, -2.4, 0.23, -3.22])
603 2561 26 (True, 25.99999999999277, 35.782981706076235, -9.782981706083465, [11.81, 4.48, 4.48, 4.3, 0.97, 2.24, 2.24, 0.97, 4.3])
5002 too big
605 2021 28 (True, 27.999999999995993, 39.580840459779694, -11.580840459783701, [11.81, 4.47, 4.47, 5.16, 2.96, 1.29, 1.29, 2.96, 5.16])
4462 too big
607 1481 28 (True, 27.99999999999462, 36.250559356995396, -8.250559357000775, [11.81, 4.46, 4.46, 4.06, 3.85, -0.14, -0.14, 3.85, 4.06])
3922 too big
609 941 22 (True, 21.999999999994948, 27.05778192971209, -5.057781929717141, [11.81, 4.45, 4.45, 1.42, 3.28, -1.53, -1.53, 3.28, 1.42])
3382 too big
611 401 18 (True, 17.999999999996703, 15.48171936367804, 2.5182806363186625, [11.81, 4.44, 4.44, -1.76, 1.48, -2.32, -2.32, 1.48, -1.76])
2842 too big
5283 too big
614 2302 16 (True, 15.999999999995321, 38.23293468287838, -22.23293468288306, [11.81, 4.42, 4.42, 4.95, 1.98, 1.86, 1.86, 1.98, 4.95])
4743 too big
616 1762 30 (True, 29.999999999998472, 38.64800198276184, -8.648001982763368, [11.81, 4.41, 4.41, 4.87, 3.54, 0.61, 0.61, 3.54, 4.87])
4203 too big
618 1222 24 (True, 23.999999999999186, 32.245302913083854, -8.245302913084668, [11.81, 4.39, 4.39, 2.93, 3.77, -0.87, -0.87, 3.77, 2.93])
3663 too big
620 682 27 (True, 26.999999999991577, 21.451424130710098, 5.548575869281478, [11.81, 4.38, 4.38, -0.11, 2.58, -2.02, -2.02, 2.58, -0.11])
3123 too big
622 142 10 (True, 9.999999999995847, 10.347574830559772, -0.347574830563925, [11.81, 4.37, 4.37, -3.11, 0.41, -2.4, -2.4, 0.41, -3.11])
623 2583 18 (True, 17.999999999994863, 35.03253508369995, -17.032535083705085, [11.81, 4.36, 4.36, 4.23, 0.78, 2.24, 2.24, 0.78, 4.23])
5024 too big
625 2043 36 (True, 36.00000000000327, 39.109248021904094, -3.109248021900825, [11.81, 4.35, 4.35, 5.16, 2.84, 1.3, 1.3, 2.84, 5.16])
4484 too big
627 1503 36 (True, 35.99999999999674, 36.144506132746024, -0.14450613274928514, [11.81, 4.34, 4.34, 4.14, 3.83, -0.14, -0.14, 3.83, 4.14])
3944 too big
629 963 30 (True, 29.99999999999534, 27.265812378000525, 2.7341876219948134, [11.81, 4.33, 4.33, 1.55, 3.38, -1.52, -1.52, 3.38, 1.55])
3404 too big
631 423 14 (True, 13.999999999992369, 15.833786219385434, -1.8337862193930654, [11.81, 4.31, 4.31, -1.63, 1.66, -2.32, -2.32, 1.66, -1.63])
2864 too big
5305 too big
634 2324 28 (True, 27.999999999990415, 37.592960217443945, -9.59296021745353, [11.81, 4.3, 4.3, 4.92, 1.82, 1.86, 1.86, 1.82, 4.92])
4765 too big
636 1784 28 (True, 28.000000000000373, 38.34294086664348, -10.342940866643108, [11.81, 4.28, 4.28, 4.91, 3.46, 0.61, 0.61, 3.46, 4.91])
4225 too big
638 1244 24 (True, 23.99999999999834, 32.29798964283965, -8.297989642841312, [11.81, 4.27, 4.27, 3.04, 3.8, -0.87, -0.87, 3.8, 3.04])
3685 too big
640 704 28 (True, 27.999999999995726, 21.749560451794395, 6.2504395482013315, [11.81, 4.26, 4.26, 0.02, 2.71, -2.02, -2.02, 2.71, 0.02])
3145 too big
642 164 11 (True, 10.999999999998735, 10.686226057036706, 0.31377394296202965, [11.81, 4.25, 4.25, -3.01, 0.6, -2.4, -2.4, 0.6, -3.01])
643 2605 8 (True, 7.999999999987384, 34.26817304507824, -26.268173045090858, [11.81, 4.24, 4.24, 4.15, 0.6, 2.24, 2.24, 0.6, 4.15])
5046 too big
645 2065 26 (True, 25.99999999999409, 38.612799194555514, -12.612799194561426, [11.81, 4.23, 4.23, 5.16, 2.71, 1.3, 1.3, 2.71, 5.16])
4506 too big
647 1525 28 (True, 27.999999999994106, 36.010267761043636, -8.01026776104953, [11.81, 4.22, 4.22, 4.21, 3.8, -0.13, -0.13, 3.8, 4.21])
3966 too big
649 985 18 (True, 17.999999999995502, 27.45119485657893, -9.451194856583427, [11.81, 4.2, 4.2, 1.67, 3.47, -1.52, -1.52, 3.47, 1.67])
3426 too big
651 445 18 (True, 17.999999999997293, 16.175520498237308, 1.8244795017599849, [11.81, 4.19, 4.19, -1.51, 1.82, -2.32, -2.32, 1.82, -1.51])
2886 too big
5327 too big
654 2346 20 (True, 20.00000000000297, 36.933333580460044, -16.933333580457074, [11.81, 4.17, 4.17, 4.87, 1.65, 1.86, 1.86, 1.65, 4.87])
4787 too big
656 1806 28 (True, 27.99999999999863, 38.01047963380532, -10.010479633806689, [11.81, 4.16, 4.16, 4.95, 3.38, 0.62, 0.62, 3.38, 4.95])
4247 too big
658 1266 28 (True, 27.999999999996863, 32.32412389780078, -4.3241238978039185, [11.81, 4.15, 4.15, 3.15, 3.83, -0.86, -0.86, 3.83, 3.15])
3707 too big
660 726 29 (True, 28.99999999999276, 22.0302668965254, 6.969733103467359, [11.81, 4.13, 4.13, 0.15, 2.84, -2.02, -2.02, 2.84, 0.15])
3167 too big
662 186 14 (True, 13.999999999992909, 11.021406736412423, 2.9785932635804855, [11.81, 4.12, 4.12, -2.9, 0.79, -2.4, -2.4, 0.79, -2.9])
663 2627 22 (True, 21.999999999989136, 33.49100233842757, -11.491002338438435, [11.81, 4.12, 4.12, 4.07, 0.41, 2.24, 2.24, 0.41, 4.07])
5068 too big
665 2087 26 (True, 25.999999999992404, 38.092243119177624, -12.09224311918522, [11.81, 4.1, 4.1, 5.16, 2.57, 1.31, 1.31, 2.57, 5.16])
4528 too big
667 1547 26 (True, 25.999999999990692, 35.8480035589036, -9.848003558912907, [11.81, 4.09, 4.09, 4.29, 3.77, -0.13, -0.13, 3.77, 4.29])
3988 too big
669 1007 24 (True, 23.999999999991623, 27.61348893436555, -3.613488934373926, [11.81, 4.08, 4.08, 1.79, 3.54, -1.51, -1.51, 3.54, 1.79])
3448 too big
671 467 22 (True, 21.999999999995524, 16.506098021446554, 5.493901978548969, [11.81, 4.06, 4.06, -1.38, 1.99, -2.32, -2.32, 1.99, -1.38])
2908 too big
5349 too big
674 2368 26 (True, 25.99999999999071, 36.25503633332018, -10.255036333329468, [11.81, 4.05, 4.05, 4.83, 1.48, 1.87, 1.87, 1.48, 4.83])
4809 too big
676 1828 30 (True, 29.999999999996312, 37.65111142870646, -7.651111428710145, [11.81, 4.03, 4.03, 4.98, 3.28, 0.62, 0.62, 3.28, 4.98])
4269 too big
678 1288 24 (True, 23.999999999991054, 32.32357515546015, -8.323575155469094, [11.81, 4.02, 4.02, 3.25, 3.85, -0.86, -0.86, 3.85, 3.25])
3729 too big
680 748 20 (True, 19.999999999991847, 22.292889013204803, -2.2928890132129567, [11.81, 4.01, 4.01, 0.28, 2.97, -2.01, -2.01, 2.97, 0.28])
3189 too big
682 208 16 (True, 15.99999999999589, 11.352235544542683, 4.647764455453206, [11.81, 3.99, 3.99, -2.79, 0.97, -2.4, -2.4, 0.97, -2.79])
683 2649 12 (True, 12.000000000002128, 32.70214237147674, -20.70214237147461, [11.81, 3.99, 3.99, 3.99, 0.22, 2.24, 2.24, 0.22, 3.99])
5090 too big
685 2109 34 (True, 33.999999999995495, 37.54836615055464, -3.548366150559147, [11.81, 3.98, 3.98, 5.15, 2.43, 1.31, 1.31, 2.43, 5.15])
4550 too big
687 1569 42 (True, 41.999999999996604, 35.65792151467716, 6.3420784853194405, [11.81, 3.96, 3.96, 4.36, 3.72, -0.12, -0.12, 3.72, 4.36])
4010 too big
689 1029 32 (True, 31.999999999995058, 27.752296901862522, 4.247703098132536, [11.81, 3.95, 3.95, 1.92, 3.61, -1.51, -1.51, 3.61, 1.92])
3470 too big
691 489 24 (True, 23.999999999995307, 16.824716216209737, 7.17528378378557, [11.81, 3.94, 3.94, -1.25, 2.15, -2.32, -2.32, 2.15, -1.25])
2930 too big
5371 too big
694 2390 22 (True, 22.000000000009884, 35.55907511427225, -13.559075114262363, [11.81, 3.92, 3.92, 4.78, 1.31, 1.87, 1.87, 1.31, 4.78])
4831 too big
696 1850 26 (True, 25.999999999994465, 37.26537387303885, -11.265373873044382, [11.81, 3.9, 3.9, 5.02, 3.18, 0.63, 0.63, 3.18, 5.02])
4291 too big
698 1310 18 (True, 17.999999999997573, 32.296260927591774, -14.2962609275942, [11.81, 3.89, 3.89, 3.35, 3.86, -0.85, -0.85, 3.86, 3.35])
3751 too big
700 770 26 (True, 25.999999999990813, 22.53680676102634, 3.4631932389644717, [11.81, 3.88, 3.88, 0.41, 3.08, -2.01, -2.01, 3.08, 0.41])
3211 too big
702 230 10 (True, 9.99999999999953, 11.677839894454818, -1.677839894455289, [11.81, 3.87, 3.87, -2.68, 1.15, -2.4, -2.4, 1.15, -2.68])
703 2671 20 (True, 20.000000000005386, 31.902722983525344, -11.902722983519958, [11.81, 3.86, 3.86, 3.91, 0.04, 2.25, 2.25, 0.04, 3.91])
5112 too big
705 2131 30 (True, 29.999999999992013, 36.981990247237235, -6.981990247245221, [11.81, 3.85, 3.85, 5.14, 2.28, 1.32, 1.32, 2.28, 5.14])
4572 too big
707 1591 30 (True, 29.999999999993904, 35.440277875145895, -5.440277875151992, [11.81, 3.83, 3.83, 4.43, 3.67, -0.12, -0.12, 3.67, 4.43])
4032 too big
709 1051 20 (True, 19.999999999989257, 27.86726468302011, -7.867264683030854, [11.81, 3.82, 3.82, 2.04, 3.68, -1.5, -1.5, 3.68, 2.04])
3492 too big
711 511 22 (True, 21.999999999997918, 17.130595981677388, 4.86940401832053, [11.81, 3.81, 3.81, -1.13, 2.3, -2.32, -2.32, 2.3, -1.13])
2952 too big
5393 too big
714 2412 26 (True, 25.999999999994085, 34.846479602567726, -8.846479602573641, [11.81, 3.79, 3.79, 4.73, 1.13, 1.87, 1.87, 1.13, 4.73])
4853 too big
716 1872 38 (True, 37.99999999999203, 36.85384796041842, 1.1461520395736073, [11.81, 3.77, 3.77, 5.05, 3.07, 0.63, 0.63, 3.07, 5.05])
4313 too big
718 1332 22 (True, 21.999999999991797, 32.24214697360479, -10.242146973612993, [11.81, 3.76, 3.76, 3.45, 3.86, -0.85, -0.85, 3.86, 3.45])
3773 too big
720 792 22 (True, 21.99999999999798, 22.7614359341526, -0.7614359341546226, [11.81, 3.75, 3.75, 0.55, 3.19, -2.01, -2.01, 3.19, 0.55])
3233 too big
722 252 13 (True, 12.999999999994458, 11.997358007516095, 1.0026419924783632, [11.81, 3.73, 3.73, -2.57, 1.33, -2.4, -2.4, 1.33, -2.57])
723 2693 24 (True, 23.99999999999399, 31.093882203143522, -7.093882203149533, [11.81, 3.73, 3.73, 3.82, -0.15, 2.25, 2.25, -0.15, 3.82])
5134 too big
725 2153 34 (True, 33.99999999999949, 36.393971289407716, -2.3939712894082277, [11.81, 3.71, 3.71, 5.13, 2.13, 1.32, 1.32, 2.13, 5.13])
4594 too big
727 1613 36 (True, 35.99999999999443, 35.19537662896663, 0.8046233710278017, [11.81, 3.7, 3.7, 4.5, 3.61, -0.11, -0.11, 3.61, 4.5])
4054 too big
729 1073 28 (True, 27.99999999999469, 27.95808265071708, 0.041917349277607485, [11.81, 3.69, 3.69, 2.16, 3.73, -1.5, -1.5, 3.73, 2.16])
3514 too big
731 533 24 (True, 23.999999999995598, 17.422983501623072, 6.577016498372526, [11.81, 3.67, 3.67, -1.0, 2.45, -2.32, -2.32, 2.45, -1.0])
2974 too big
5415 too big
734 2434 22 (True, 21.999999999992777, 34.11830043968021, -12.118300439687435, [11.81, 3.65, 3.65, 4.68, 0.95, 1.88, 1.88, 0.95, 4.68])
4875 too big
736 1894 26 (True, 25.999999999991353, 36.417156859785656, -10.417156859794304, [11.81, 3.64, 3.64, 5.07, 2.95, 0.64, 0.64, 2.95, 5.07])
4335 too big
738 1354 18 (True, 17.999999999999993, 32.16124740866203, -14.161247408662035, [11.81, 3.63, 3.63, 3.55, 3.85, -0.84, -0.84, 3.85, 3.55])
3795 too big
740 814 16 (True, 15.999999999996255, 22.966229505591066, -6.966229505594811, [11.81, 3.61, 3.61, 0.68, 3.29, -2.0, -2.0, 3.29, 0.68])
3255 too big
742 274 18 (True, 17.99999999999373, 12.309940959159443, 5.690059040834287, [11.81, 3.6, 3.6, -2.45, 1.5, -2.4, -2.4, 1.5, -2.45])
2715 too big
5156 too big
745 2175 26 (True, 25.999999999995513, 35.78519732804946, -9.78519732805395, [11.81, 3.58, 3.58, 5.11, 1.97, 1.33, 1.33, 1.97, 5.11])
4616 too big
747 1635 18 (True, 17.999999999991502, 34.923568887505624, -16.923568887514122, [11.81, 3.57, 3.57, 4.56, 3.54, -0.1, -0.1, 3.54, 4.56])
4076 too big
749 1095 14 (True, 13.9999999999904, 28.024486343911345, -14.024486343920945, [11.81, 3.55, 3.55, 2.28, 3.77, -1.49, -1.49, 3.77, 2.28])
3536 too big
751 555 20 (True, 19.999999999996795, 17.701151999581985, 2.298848000414811, [11.81, 3.54, 3.54, -0.87, 2.59, -2.31, -2.31, 2.59, -0.87])
2996 too big
753 15 4 (True, 3.999999999996786, 7.85365800595223, -3.853658005955444, [11.81, 3.53, 3.53, -3.68, 0.43, -2.25, -2.25, 0.43, -3.68])
754 2456 38 (True, 37.99999999999155, 33.37560711162081, 4.624392888370743, [11.81, 3.52, 3.52, 4.62, 0.76, 1.88, 1.88, 0.76, 4.62])
4897 too big
756 1916 32 (True, 31.999999999997264, 35.95596463034886, -3.9559646303515947, [11.81, 3.51, 3.51, 5.09, 2.83, 0.64, 0.64, 2.83, 5.09])
4357 too big
758 1376 31 (True, 30.999999999996753, 32.053624706119365, -1.053624706122612, [11.81, 3.49, 3.49, 3.64, 3.83, -0.84, -0.84, 3.83, 3.64])
3817 too big
760 836 22 (True, 21.999999999989107, 23.15067888771517, -1.1506788877260625, [11.81, 3.48, 3.48, 0.81, 3.39, -2.0, -2.0, 3.39, 0.81])
3277 too big
762 296 15 (True, 14.999999999993195, 12.614754694365327, 2.3852453056278673, [11.81, 3.47, 3.47, -2.33, 1.67, -2.4, -2.4, 1.67, -2.33])
2737 too big
5178 too big
765 2197 20 (True, 19.999999999996405, 35.15658676954379, -15.156586769547388, [11.81, 3.45, 3.45, 5.09, 1.81, 1.33, 1.33, 1.81, 5.09])
4638 too big
767 1657 22 (True, 21.99999999999155, 34.625252164582996, -12.625252164591444, [11.81, 3.43, 3.43, 4.62, 3.46, -0.1, -0.1, 3.46, 4.62])
4098 too big
769 1117 24 (True, 23.999999999986297, 28.066257084812406, -4.066257084826109, [11.81, 3.42, 3.42, 2.39, 3.81, -1.49, -1.49, 3.81, 2.39])
3558 too big
771 577 24 (True, 23.999999999990347, 17.964403432322868, 6.035596567667479, [11.81, 3.4, 3.4, -0.74, 2.73, -2.31, -2.31, 2.73, -0.74])
3018 too big
773 37 4 (True, 3.9999999999973843, 8.136270130022785, -4.136270130025401, [11.81, 3.39, 3.39, -3.59, 0.62, -2.25, -2.25, 0.62, -3.59])
774 2478 14 (True, 14.000000000001215, 32.61948579776633, -18.619485797765115, [11.81, 3.38, 3.38, 4.56, 0.58, 1.88, 1.88, 0.58, 4.56])
4919 too big
776 1938 24 (True, 23.999999999993435, 35.470974850999525, -11.47097485100609, [11.81, 3.37, 3.37, 5.11, 2.7, 0.65, 0.65, 2.7, 5.11])
4379 too big
778 1398 20 (True, 19.999999999995936, 31.919389594565796, -11.91938959456986, [11.81, 3.36, 3.36, 3.73, 3.8, -0.83, -0.83, 3.8, 3.73])
3839 too big
780 858 19 (True, 18.999999999998415, 23.314315106498217, -4.3143151064998015, [11.81, 3.34, 3.34, 0.94, 3.47, -2.0, -2.0, 3.47, 0.94])
3299 too big
782 318 14 (True, 13.999999999995191, 12.910982008159612, 1.0890179918355791, [11.81, 3.33, 3.33, -2.22, 1.84, -2.4, -2.4, 1.84, -2.22])
2759 too big
5200 too big
785 2219 22 (True, 21.999999999997744, 34.50908649967408, -12.50908649967634, [11.81, 3.31, 3.31, 5.07, 1.64, 1.34, 1.34, 1.64, 5.07])
4660 too big
787 1679 30 (True, 29.99999999998628, 34.300869556718055, -4.300869556731776, [11.81, 3.29, 3.29, 4.68, 3.37, -0.09, -0.09, 3.37, 4.68])
4120 too big
789 1139 28 (True, 27.999999999995843, 28.083222494651874, -0.08322249465603093, [11.81, 3.28, 3.28, 2.51, 3.83, -1.49, -1.49, 3.83, 2.51])
3580 too big
791 599 26 (True, 25.999999999994337, 18.212070117736634, 7.787929882257703, [11.81, 3.27, 3.27, -0.61, 2.86, -2.31, -2.31, 2.86, -0.61])
3040 too big
793 59 6 (True, 5.999999999998136, 8.417003195990304, -2.4170031959921685, [11.81, 3.25, 3.25, -3.49, 0.8, -2.25, -2.25, 0.8, -3.49])
794 2500 22 (True, 22.000000000007564, 31.85103719056597, -9.851037190558408, [11.81, 3.25, 3.25, 4.49, 0.39, 1.89, 1.89, 0.39, 4.49])
4941 too big
796 1960 24 (True, 23.999999999997065, 34.96292916734737, -10.962929167350303, [11.81, 3.23, 3.23, 5.13, 2.56, 0.66, 0.66, 2.56, 5.13])
4401 too big
798 1420 24 (True, 23.999999999997225, 31.758700849418986, -7.758700849421761, [11.81, 3.22, 3.22, 3.82, 3.76, -0.83, -0.83, 3.76, 3.82])
3861 too big
800 880 20 (True, 19.999999999995488, 23.4567098866697, -3.4567098866742114, [11.81, 3.2, 3.2, 1.06, 3.55, -1.99, -1.99, 3.55, 1.06])
3321 too big
802 340 16 (True, 15.999999999996902, 13.197824486418881, 2.802175513578021, [11.81, 3.19, 3.19, -2.1, 2.0, -2.4, -2.4, 2.0, -2.1])
2781 too big
5222 too big
805 2241 22 (True, 21.99999999999892, 33.84366995141278, -11.843669951413858, [11.81, 3.17, 3.17, 5.04, 1.47, 1.34, 1.34, 1.47, 5.04])
4682 too big
807 1701 26 (True, 25.999999999982947, 33.950908825882784, -7.9509088258998375, [11.81, 3.16, 3.16, 4.73, 3.27, -0.09, -0.09, 3.27, 4.73])
4142 too big
809 1161 24 (True, 23.999999999990663, 28.07525690684997, -4.075256906859305, [11.81, 3.14, 3.14, 2.62, 3.85, -1.48, -1.48, 3.85, 2.62])
3602 too big
811 621 26 (True, 25.999999999997584, 18.443516293215243, 7.556483706782341, [11.81, 3.13, 3.13, -0.48, 2.98, -2.31, -2.31, 2.98, -0.48])
3062 too big
813 81 4 (True, 3.999999999995336, 8.695006732452583, -4.695006732457247, [11.81, 3.11, 3.11, -3.4, 0.99, -2.26, -2.26, 0.99, -3.4])
814 2522 30 (True, 30.000000000000384, 31.071374291478435, -1.071374291478051, [11.81, 3.11, 3.11, 4.43, 0.21, 1.89, 1.89, 0.21, 4.43])
4963 too big
816 1982 29 (True, 28.999999999995726, 34.43260575966882, -5.432605759673091, [11.81, 3.09, 3.09, 5.14, 2.42, 0.66, 0.66, 2.42, 5.14])
4423 too big
818 1442 34 (True, 33.99999999999782, 31.571764979821562, 2.428235020176256, [11.81, 3.08, 3.08, 3.91, 3.72, -0.82, -0.82, 3.72, 3.91])
3883 too big
820 902 23 (True, 22.999999999991516, 23.577476645445806, -0.5774766454542899, [11.81, 3.06, 3.06, 1.19, 3.62, -1.99, -1.99, 3.62, 1.19])
3343 too big
822 362 14 (True, 13.999999999995804, 13.474504402497235, 0.5254955974985691, [11.81, 3.05, 3.05, -1.97, 2.16, -2.4, -2.4, 2.16, -1.97])
2803 too big
5244 too big
825 2263 22 (True, 21.999999999991154, 33.16133512086063, -11.161335120869474, [11.81, 3.03, 3.03, 5.02, 1.29, 1.34, 1.34, 1.29, 5.02])
4704 too big
827 1723 28 (True, 27.999999999995914, 33.57590138669996, -5.575901386704047, [11.81, 3.01, 3.01, 4.78, 3.17, -0.08, -0.08, 3.17, 4.78])
4164 too big
829 1183 26 (True, 25.999999999992145, 28.042281676682347, -2.0422816766902017, [11.81, 3.0, 3.0, 2.74, 3.86, -1.48, -1.48, 3.86, 2.74])
3624 too big
831 643 24 (True, 23.999999999994117, 18.658139601065233, 5.341860398928883, [11.81, 2.99, 2.99, -0.35, 3.09, -2.31, -2.31, 3.09, -0.35])
3084 too big
833 103 10 (True, 9.99999999999725, 8.96943819755581, 1.03056180244144, [11.81, 2.97, 2.97, -3.3, 1.17, -2.26, -2.26, 1.17, -3.3])
834 2544 34 (True, 34.00000000000129, 30.281620187913564, 3.718379812087729, [11.81, 2.96, 2.96, 4.36, 0.02, 1.9, 1.9, 0.02, 4.36])
4985 too big
836 2004 28 (True, 27.999999999992607, 33.88081773534835, -5.880817735355745, [11.81, 2.95, 2.95, 5.15, 2.27, 0.67, 0.67, 2.27, 5.15])
4445 too big
838 1464 27 (True, 26.99999999999221, 31.358835811334675, -4.358835811342466, [11.81, 2.94, 2.94, 3.99, 3.66, -0.82, -0.82, 3.66, 3.99])
3905 too big
840 924 20 (True, 19.9999999999931, 23.676271392292385, -3.6762713922992845, [11.81, 2.92, 2.92, 1.32, 3.68, -1.99, -1.99, 3.68, 1.32])
3365 too big
842 384 16 (True, 15.999999999994909, 13.740266565107921, 2.2597334348869875, [11.81, 2.91, 2.91, -1.85, 2.31, -2.4, -2.4, 2.31, -1.85])
2825 too big
5266 too big
845 2285 22 (True, 21.999999999984087, 32.46310253589874, -10.463102535914654, [11.81, 2.89, 2.89, 4.98, 1.11, 1.35, 1.35, 1.11, 4.98])
4726 too big
847 1745 34 (True, 34.000000000001705, 33.17642120057743, 0.8235787994242756, [11.81, 2.87, 2.87, 4.83, 3.06, -0.08, -0.08, 3.06, 4.83])
4186 too big
849 1205 30 (True, 29.999999999992294, 27.984265386634068, 2.0157346133582266, [11.81, 2.86, 2.86, 2.85, 3.86, -1.47, -1.47, 3.86, 2.85])
3646 too big
851 665 22 (True, 21.999999999994884, 18.85537249731995, 3.1446275026749326, [11.81, 2.84, 2.84, -0.21, 3.2, -2.31, -2.31, 3.2, -0.21])
3106 too big
853 125 12 (True, 11.999999999992914, 9.239465030555989, 2.7605349694369252, [11.81, 2.83, 2.83, -3.19, 1.34, -2.26, -2.26, 1.34, -3.19])
854 2566 24 (True, 24.000000000001414, 29.482905816130184, -5.4829058161287705, [11.81, 2.82, 2.82, 4.29, -0.17, 1.9, 1.9, -0.17, 4.29])
5007 too big
856 2026 14 (True, 14.000000000001464, 33.3084114494469, -19.308411449445437, [11.81, 2.81, 2.81, 5.16, 2.11, 0.67, 0.67, 2.11, 5.16])
4467 too big
858 1486 28 (True, 28.000000000000647, 31.120213965632125, -3.1202139656314785, [11.81, 2.79, 2.79, 4.08, 3.6, -0.81, -0.81, 3.6, 4.08])
3927 too big
860 946 26 (True, 25.99999999999801, 23.752793532797398, 2.2472064672006127, [11.81, 2.78, 2.78, 1.45, 3.73, -1.99, -1.99, 3.73, 1.45])
3387 too big
862 406 20 (True, 19.99999999999629, 13.994380113190395, 6.005619886805896, [11.81, 2.76, 2.76, -1.73, 2.46, -2.4, -2.4, 2.46, -1.73])
2847 too big
5288 too big
865 2307 16 (True, 15.999999999989479, 31.75001318213005, -15.750013182140572, [11.81, 2.74, 2.74, 4.95, 0.93, 1.35, 1.35, 0.93, 4.95])
4748 too big
867 1767 30 (True, 29.99999999999891, 32.75308357931427, -2.753083579315362, [11.81, 2.73, 2.73, 4.88, 2.94, -0.07, -0.07, 2.94, 4.88])
4208 too big
869 1227 24 (True, 23.99999999999902, 27.901223947053136, -3.901223947054117, [11.81, 2.71, 2.71, 2.96, 3.85, -1.47, -1.47, 3.85, 2.96])
3668 too big
871 687 16 (True, 15.99999999999757, 19.03468358069868, -3.0346835807011097, [11.81, 2.7, 2.7, -0.08, 3.3, -2.31, -2.31, 3.3, -0.08])
3128 too big
873 147 6 (True, 5.999999999996508, 9.504266678099452, -3.504266678102944, [11.81, 2.68, 2.68, -3.09, 1.52, -2.26, -2.26, 1.52, -3.09])
874 2588 32 (True, 31.999999999987512, 28.676367715399184, 3.323632284588328, [11.81, 2.68, 2.68, 4.21, -0.36, 1.9, 1.9, -0.36, 4.21])
5029 too big
876 2048 36 (True, 35.99999999999895, 32.71626475725578, 3.2837352427431696, [11.81, 2.66, 2.66, 5.16, 1.95, 0.68, 0.68, 1.95, 5.16])
4489 too big
878 1508 32 (True, 31.99999999999274, 30.856246238186067, 1.1437537618066713, [11.81, 2.65, 2.65, 4.16, 3.53, -0.81, -0.81, 3.53, 4.16])
3949 too big
880 968 22 (True, 21.999999999995136, 23.806786574728115, -1.8067865747329783, [11.81, 2.63, 2.63, 1.57, 3.78, -1.98, -1.98, 3.78, 1.57])
3409 too big
882 428 18 (True, 17.99999999999539, 14.236140253506518, 3.763859746488871, [11.81, 2.62, 2.62, -1.6, 2.6, -2.4, -2.4, 2.6, -1.6])
2869 too big
5310 too big
885 2329 30 (True, 29.999999999994813, 31.023126390808386, -1.023126390813573, [11.81, 2.6, 2.6, 4.91, 0.75, 1.36, 1.36, 0.75, 4.91])
4770 too big
887 1789 36 (True, 36.0000000000033, 32.30654390086877, 3.6934560991345293, [11.81, 2.58, 2.58, 4.92, 2.82, -0.07, -0.07, 2.82, 4.92])
4230 too big
889 1249 22 (True, 22.00000000000514, 27.793220591886204, -5.793220591881063, [11.81, 2.57, 2.57, 3.06, 3.83, -1.46, -1.46, 3.83, 3.06])
3690 too big
891 709 18 (True, 17.999999999997737, 19.19557883864795, -1.1955788386502135, [11.81, 2.55, 2.55, 0.05, 3.4, -2.3, -2.3, 3.4, 0.05])
3150 too big
893 169 6 (True, 5.999999999994371, 9.763036590424717, -3.763036590430346, [11.81, 2.54, 2.54, -2.98, 1.69, -2.26, -2.26, 1.69, -2.98])
894 2610 22 (True, 21.999999999993598, 27.863145778297614, -5.863145778304016, [11.81, 2.53, 2.53, 4.14, -0.54, 1.91, 1.91, -0.54, 4.14])
5051 too big
896 2070 27 (True, 27.00000000000013, 32.105285202850936, -5.105285202850805, [11.81, 2.52, 2.52, 5.16, 1.79, 0.68, 0.68, 1.79, 5.16])
4511 too big
898 1530 30 (True, 29.99999999999006, 30.567324875584895, -0.567324875594835, [11.81, 2.5, 2.5, 4.23, 3.45, -0.8, -0.8, 3.45, 4.23])
3971 too big
900 990 14 (True, 13.999999999989738, 23.838038734636452, -9.838038734646714, [11.81, 2.49, 2.49, 1.7, 3.81, -1.98, -1.98, 3.81, 1.7])
3431 too big
902 450 20 (True, 19.9999999999914, 14.464869936860204, 5.535130063131195, [11.81, 2.47, 2.47, -1.48, 2.74, -2.4, -2.4, 2.74, -1.48])
1 87292 1968 (True, 1967.9999999990287, 1161.012643911868, 806.9873560871606, [296.96, 185.57, 185.57, 109.52, 76.86, 60.07, 60.07, 76.86, 109.52])
174584 too big
