0 0
1 0
2 0
3 0
4 0
5 0
6 0
7 0
8 0
9 0
10 0
11 0
12 0
13 0
14 0
15 0
16 0
17 0
18 0
19 0
20 0
21 0
22 0
23 0
24 0
25 0
26 0
27 0
28 0
29 0
30 0
31 0
32 0
33 0
34 0
35 0
36 0
37 0
38 0
39 0
40 0
41 0
42 0
43 0
44 0
45 0
46 0
47 0
48 0
49 0
50 0
51 0
52 0
53 0
54 0
55 0
56 0
57 0
58 0
59 0
60 0
61 0
62 0
63 0
64 0
65 0
66 0
67 0
68 0
69 0
70 0
71 0
72 0
73 0
74 0
75 0
76 0
77 0
78 0
79 0
80 0
81 0
82 0
83 0
84 0
85 0
86 0
87 0
88 0
89 0
90 0
91 0
92 0
93 0
94 0
95 0
96 0
97 0
98 0
99 0
100 0
101 0
102 0
103 0
104 0
105 0
106 0
107 0
108 0
109 0
110 0
111 0
112 0
113 0
114 0
115 0
116 0
117 0
118 0
119 0
120 0
121 0
122 0
123 0
124 0
125 0
126 0
127 0
128 0
129 0
130 0
131 0
132 0
133 0
134 0
135 0
136 0
137 0
138 0
139 0
140 0
141 0
142 0
143 0
144 0
145 0
146 0
147 0
148 0
149 0
150 0
151 0
152 0
153 0
154 0
155 0
156 0
157 0
158 0
159 0
160 0
161 0
162 0
163 0
164 0
165 0
166 0
167 0
168 0
169 0
170 0
171 0
172 0
173 0
174 0
175 0
176 0
177 0
178 0
179 0
180 0
181 0
182 0
183 0
184 0
185 0
186 0
187 0
188 0
189 0
190 0
191 0
192 0
193 0
194 0
195 0
196 0
197 0
198 0
199 0
200 0
201 0
202 0
203 0
204 0
205 0
206 0
207 0
208 0
209 0
210 0
211 0
212 0
213 0
214 0
215 0
216 0
217 0
218 0
219 0
220 0
221 0
222 0
223 0
224 0
225 0
226 0
227 0
228 0
229 0
230 0
231 0
232 0
233 0
234 0
235 0
236 0
237 0
238 0
239 0
240 0
241 0
242 0
243 0
244 0
245 0
246 0
247 0
248 0
249 0
250 0
251 0
252 0
253 0
254 0
255 0
256 0
257 0
258 0
259 0
260 0
261 0
262 0
263 0
264 0
265 0
266 0
267 0
268 0
269 0
270 0
271 0
272 0
273 0
274 0
275 0
276 0
277 0
278 0
279 0
280 0
281 0
282 0
283 0
284 0
285 0
286 0
287 0
288 0
289 0
290 0
291 0
292 0
293 0
294 0
295 0
296 0
297 0
298 0
299 0
300 0
301 0
302 0
303 0
304 0
305 0
306 0
307 0
308 0
309 0
310 0
311 0
312 0
313 0
314 0
315 0
316 0
317 0
318 0
319 0
320 0
321 0
322 0
323 0
324 0
325 0
326 0
327 0
328 0
329 0
330 0
331 0
332 0
333 0
334 0
335 0
336 0
337 0
338 0
339 0
340 0
341 0
342 0
343 0
344 0
345 0
346 0
347 0
348 0
349 0
350 0
351 0
352 0
353 0
354 0
355 0
356 0
357 0
358 0
359 0
360 0
361 0
362 0
363 0
364 0
365 0
366 0
367 0
368 0
369 0
370 0
371 0
372 0
373 0
374 0
375 0
376 0
377 0
378 0
379 0
380 0
381 0
382 0
383 0
384 0
385 0
386 0
387 0
388 0
389 0
390 0
391 0
392 0
393 0
394 0
395 0
396 0
397 0
398 0
399 0
400 0
401 0
402 0
403 0
404 0
405 0
406 0
407 0
408 0
409 0
410 0
411 0
412 0
413 0
414 0
415 0
416 0
417 0
418 0
419 0
420 0
421 0
422 0
423 0
424 0
425 0
426 0
427 0
428 0
429 0
430 0
431 0
432 0
433 0
434 0
435 0
436 0
437 0
438 0
439 0
440 0
441 0
442 0
443 0
444 0
445 0
446 0
447 0
448 0
449 0
450 0
451 0
452 0
453 0
454 0
455 0
456 0
457 0
458 0
459 0
460 0
461 0
462 0
463 0
464 0
465 0
466 0
467 0
468 0
469 0
470 0
471 0
472 0
473 0
474 0
475 0
476 0
477 0
478 0
479 0
480 0
481 0
482 0
483 0
484 0
485 0
486 0
487 0
488 0
489 0
490 0
491 0
492 0
493 0
494 0
495 0
496 0
497 0
498 0
499 0
500 0
501 0
502 0
503 0
504 0
505 0
506 0
507 0
508 0
509 0
510 0
511 0
512 0
513 0
514 0
515 0
516 0
517 0
518 0
519 0
520 0
521 0
522 0
523 0
524 0
525 0
526 0
527 0
528 0
529 0
530 0
531 0
532 0
533 0
534 0
535 0
536 0
537 0
538 0
539 0
540 0
541 0
542 0
543 0
544 0
545 0
546 0
547 0
548 0
549 0
550 0
551 0
552 0
553 0
554 0
555 0
556 0
557 0
558 0
559 0
560 0
561 0
562 0
563 0
564 0
565 0
566 0
567 0
568 0
569 0
570 0
571 0
572 0
573 0
574 0
575 0
576 0
577 0
578 0
579 0
580 0
581 0
582 0
583 0
584 0
585 0
586 0
587 0
588 0
589 0
590 0
591 0
592 0
593 0
594 0
595 0
596 0
597 0
598 0
599 0
600 0
601 0
602 0
603 0
604 0
605 0
606 0
607 0
608 0
609 0
610 0
611 0
612 0
613 0
614 0
615 0
616 0
617 0
618 0
619 0
620 0
621 0
622 0
623 0
624 0
625 0
626 0
627 0
628 0
629 0
630 0
631 0
632 0
633 0
634 0
635 0
636 0
637 0
638 0
639 0
640 0
641 0
642 0
643 0
644 0
645 0
646 0
647 0
648 0
649 0
650 0
651 0
652 0
653 0
654 0
655 0
656 0
657 0
658 0
659 0
660 0
661 0
662 0
663 0
664 0
665 0
666 0
667 0
668 0
669 0
670 0
671 0
672 0
673 0
674 0
675 0
676 0
677 0
678 0
679 0
680 0
681 0
682 0
683 0
684 0
685 0
686 0
687 0
688 0
689 0
690 0
691 0
692 0
693 0
694 0
695 0
696 0
697 0
698 0
699 0
700 0
701 0
702 0
703 0
704 0
705 0
706 0
707 0
708 0
709 0
710 0
711 0
712 0
713 0
714 0
715 0
716 0
717 0
718 0
719 0
720 0
721 0
722 0
723 0
724 0
725 0
726 0
727 0
728 0
729 0
730 0
731 0
732 0
733 0
734 0
735 0
736 0
737 0
738 0
739 0
740 0
741 0
742 0
743 0
744 0
745 0
746 0
747 0
748 0
749 0
750 0
751 0
752 0
753 0
754 0
755 0
756 0
757 0
758 0
759 0
760 0
761 0
762 0
763 0
764 0
765 0
766 0
767 0
768 0
769 0
770 0
771 0
772 0
773 0
774 0
775 0
776 0
777 0
778 0
779 0
780 0
781 0
782 0
783 0
784 0
785 0
786 0
787 0
788 0
789 0
790 0
791 0
792 0
793 0
794 0
795 0
796 0
797 0
798 0
799 0
800 0
801 0
802 0
803 0
804 0
805 0
806 0
807 0
808 0
809 0
810 0
811 0
812 0
813 0
814 0
815 0
816 0
817 0
818 0
819 0
820 0
821 0
822 0
823 0
824 0
825 0
826 0
827 0
828 0
829 0
830 0
831 0
832 0
833 0
834 0
835 0
836 0
837 0
838 0
839 0
840 0
841 0
842 0
843 0
844 0
845 0
846 0
847 0
848 0
849 0
850 0
851 0
852 0
853 0
854 0
855 0
856 0
857 0
858 0
859 0
860 0
861 0
862 0
863 0
864 0
865 0
866 0
867 0
868 0
869 0
870 0
871 0
872 0
873 0
874 0
875 0
876 0
877 0
878 0
879 0
880 0
881 0
882 0
883 0
884 0
885 0
886 0
887 0
888 0
889 0
890 0
891 0
892 0
893 0
894 0
895 0
896 0
897 0
898 0
899 0
900 0
901 0
902 0
903 0
904 0
905 0
906 0
907 0
908 0
909 0
910 0
911 0
912 0
913 0
914 0
915 0
916 0
917 0
918 0
919 0
920 0
921 0
922 0
923 0
924 0
925 0
926 0
927 0
928 0
929 0
930 0
931 0
932 0
933 0
934 0
935 0
936 0
937 0
938 0
939 0
940 0
941 0
942 0
943 0
944 0
945 0
946 0
947 0
948 0
949 0
950 0
951 0
952 0
953 0
954 0
955 0
956 0
957 0
958 0
959 0
960 0
961 0
962 0
963 0
964 0
965 0
966 0
967 0
968 0
969 0
970 0
971 0
972 0
973 0
974 0
975 0
976 0
977 0
978 0
979 0
980 0
981 0
982 0
983 0
984 0
985 0
986 0
987 0
988 0
989 0
990 0
991 0
992 0
993 0
994 0
995 0
996 0
997 0
998 0
999 0
1000 0
1001 0
1002 0
1003 0
1004 0
1005 0
1006 0
1007 0
1008 0
1009 0
1010 0
1011 0
1012 0
1013 0
1014 0
1015 0
1016 0
1017 0
1018 0
1019 0
1020 0
1021 0
1022 0
1023 0
1024 0
1025 0
1026 0
1027 0
1028 0
1029 0
1030 0
1031 0
1032 0
1033 0
1034 0
1035 0
1036 0
1037 0
1038 0
1039 0
1040 0
1041 0
1042 0
1043 0
1044 0
1045 0
1046 0
1047 0
1048 0
1049 0
1050 0
1051 0
1052 0
1053 0
1054 0
1055 0
1056 0
1057 0
1058 0
1059 0
1060 0
1061 0
1062 0
1063 0
1064 0
1065 0
1066 0
1067 0
1068 0
1069 0
1070 0
1071 0
1072 0
1073 0
1074 0
1075 0
1076 0
1077 0
1078 0
1079 0
1080 0
1081 0
1082 0
1083 0
1084 0
1085 0
1086 0
1087 0
1088 0
1089 0
1090 0
1091 0
1092 0
1093 0
1094 0
1095 0
1096 0
1097 0
1098 0
1099 0
1100 0
1101 0
1102 0
1103 0
1104 0
1105 0
1106 0
1107 0
1108 0
1109 0
1110 0
1111 0
1112 0
1113 0
1114 0
1115 0
1116 0
1117 0
1118 0
1119 0
1120 0
1121 0
1122 0
1123 0
1124 0
1125 0
1126 0
1127 0
1128 0
1129 0
1130 0
1131 0
1132 0
1133 0
1134 0
1135 0
1136 0
1137 0
1138 0
1139 0
1140 0
1141 0
1142 0
1143 0
1144 0
1145 0
1146 0
1147 0
1148 0
1149 0
1150 0
1151 0
1152 0
1153 0
1154 0
1155 0
1156 0
1157 0
1158 0
1159 0
1160 0
1161 0
1162 0
1163 0
1164 0
1165 0
1166 0
1167 0
1168 0
1169 0
1170 0
1171 0
1172 0
1173 0
1174 0
1175 0
1176 0
1177 0
1178 0
1179 0
1180 0
1181 0
1182 0
1183 0
1184 0
1185 0
1186 0
1187 0
1188 0
1189 0
1190 0
1191 0
1192 0
1193 0
1194 0
1195 0
1196 0
1197 0
1198 0
1199 0
1200 0
1201 0
1202 0
1203 0
1204 0
1205 0
1206 0
1207 0
1208 0
1209 0
1210 0
1211 0
1212 0
1213 0
1214 0
1215 0
1216 0
1217 0
1218 0
1219 0
1220 0
1221 0
1222 0
1223 0
1224 0
1225 0
1226 0
1227 0
1228 0
1229 0
1230 0
1231 0
1232 0
1233 0
1234 0
1235 1
1236 0
1237 0
1238 0
1239 0
1240 0
1241 0
1242 0
1243 0
1244 0
1245 0
1246 0
1247 0
1248 0
1249 0
1250 0
1251 0
1252 0
1253 0
1254 0
1255 0
1256 0
1257 0
1258 0
1259 0
1260 0
1261 0
1262 0
1263 0
1264 0
1265 0
1266 0
1267 0
1268 0
1269 0
1270 0
1271 0
1272 0
1273 0
1274 0
1275 1
1276 0
1277 0
1278 0
1279 0
1280 0
1281 0
1282 0
1283 0
1284 0
1285 0
1286 0
1287 0
1288 0
1289 0
1290 0
1291 0
1292 0
1293 0
1294 0
1295 1
1296 0
1297 0
1298 0
1299 0
1300 0
1301 0
1302 0
1303 0
1304 0
1305 0
1306 0
1307 0
1308 0
1309 0
1310 0
1311 0
1312 0
1313 0
1314 0
1315 0
1316 0
1317 0
1318 0
1319 0
1320 0
1321 0
1322 0
1323 0
1324 0
1325 0
1326 0
1327 0
1328 0
1329 0
1330 0
1331 0
1332 0
1333 0
1334 0
1335 0
1336 0
1337 0
1338 0
1339 0
1340 0
1341 0
1342 0
1343 0
1344 0
1345 0
1346 0
1347 0
1348 0
1349 0
1350 0
1351 0
1352 0
1353 0
1354 0
1355 0
1356 0
1357 0
1358 0
1359 0
1360 0
1361 0
1362 0
1363 0
1364 0
1365 0
1366 0
1367 0
1368 0
1369 0
1370 0
1371 0
1372 0
1373 0
1374 0
1375 0
1376 0
1377 0
1378 0
1379 0
1380 0
1381 0
1382 0
1383 0
1384 0
1385 0
1386 0
1387 0
1388 0
1389 0
1390 0
1391 0
1392 0
1393 0
1394 0
1395 0
1396 0
1397 0
1398 0
1399 0
1400 0
1401 0
1402 0
1403 0
1404 0
1405 0
1406 0
1407 0
1408 0
1409 0
1410 0
1411 0
1412 0
1413 0
1414 0
1415 0
1416 0
1417 0
1418 0
1419 0
1420 0
1421 0
1422 0
1423 0
1424 0
1425 0
1426 0
1427 0
1428 0
1429 0
1430 0
1431 0
1432 0
1433 0
1434 0
1435 0
1436 0
1437 0
1438 0
1439 0
1440 0
1441 0
1442 0
1443 0
1444 0
1445 0
1446 0
1447 0
1448 0
1449 0
1450 0
1451 0
1452 0
1453 0
1454 0
1455 0
1456 0
1457 0
1458 0
1459 0
1460 0
1461 0
1462 0
1463 0
1464 0
1465 0
1466 0
1467 0
1468 0
1469 0
1470 0
1471 0
1472 0
1473 0
1474 0
1475 0
1476 0
1477 0
1478 0
1479 0
1480 0
1481 0
1482 0
1483 0
1484 0
1485 0
1486 1
1487 0
1488 0
1489 0
1490 0
1491 0
1492 0
1493 0
1494 0
1495 0
1496 0
1497 0
1498 0
1499 0
1500 0
1501 0
1502 0
1503 0
1504 0
1505 0
1506 0
1507 0
1508 0
1509 0
1510 0
1511 0
1512 0
1513 0
1514 0
1515 0
1516 0
1517 0
1518 0
1519 0
1520 0
1521 0
1522 0
1523 0
1524 0
1525 0
1526 0
1527 0
1528 0
1529 0
1530 0
1531 0
1532 0
1533 0
1534 0
1535 0
1536 0
1537 0
1538 0
1539 0
1540 0
1541 0
1542 0
1543 0
1544 0
1545 0
1546 0
1547 0
1548 0
1549 0
1550 0
1551 0
1552 0
1553 0
1554 0
1555 0
1556 0
1557 0
1558 0
1559 0
1560 0
1561 0
1562 0
1563 0
1564 0
1565 0
1566 0
1567 0
1568 0
1569 0
1570 0
1571 0
1572 0
1573 0
1574 0
1575 0
1576 0
1577 0
1578 0
1579 0
1580 0
1581 0
1582 0
1583 0
1584 0
1585 0
1586 0
1587 0
1588 0
1589 0
1590 0
1591 0
1592 0
1593 0
1594 0
1595 0
1596 0
1597 0
1598 0
1599 0
1600 0
1601 0
1602 0
1603 0
1604 0
1605 0
1606 0
1607 1
1608 0
1609 0
1610 0
1611 0
1612 0
1613 0
1614 0
1615 0
1616 0
1617 0
1618 0
1619 0
1620 0
1621 0
1622 0
1623 0
1624 0
1625 0
1626 0
1627 0
1628 0
1629 0
1630 0
1631 0
1632 0
1633 1
1634 0
1635 0
1636 0
1637 0
1638 0
1639 0
1640 0
1641 0
1642 0
1643 0
1644 0
1645 0
1646 0
1647 0
1648 0
1649 0
1650 0
1651 0
1652 0
1653 0
1654 0
1655 0
1656 0
1657 0
1658 0
1659 0
1660 0
1661 0
1662 0
1663 0
1664 0
1665 0
1666 1
1667 0
1668 0
1669 0
1670 0
1671 0
1672 0
1673 0
1674 0
1675 0
1676 0
1677 0
1678 0
1679 0
1680 0
1681 0
1682 1
1683 0
1684 0
1685 0
1686 0
1687 0
1688 0
1689 0
1690 0
1691 0
1692 0
1693 0
1694 0
1695 0
1696 0
1697 0
1698 0
1699 0
1700 0
1701 0
1702 0
1703 1
1704 0
1705 0
1706 0
1707 0
1708 0
1709 0
1710 0
1711 0
1712 0
1713 0
1714 0
1715 0
1716 0
1717 0
1718 0
1719 0
1720 0
1721 0
1722 0
1723 0
1724 0
1725 0
1726 0
1727 0
1728 0
1729 0
1730 0
1731 0
1732 0
1733 0
1734 0
1735 0
1736 0
1737 1
1738 0
1739 0
1740 0
1741 0
1742 0
1743 0
1744 0
1745 0
1746 0
1747 0
1748 0
1749 1
1750 0
1751 0
1752 0
1753 0
1754 0
1755 0
1756 0
1757 0
1758 1
1759 0
1760 0
1761 1
1762 0
1763 0
1764 0
1765 0
1766 1
1767 0
1768 0
1769 1
1770 0
1771 0
1772 1
1773 0
1774 1
1775 3
1776 2
1777 1
1778 2
1779 0
1780 2
1781 5
1782 1
1783 2
1784 5
1785 5
1786 2
1787 4
1788 3
1789 4
1790 2
1791 5
1792 9
1793 3
1794 6
1795 6
1796 11
1797 4
1798 11
1799 6
1800 8
1801 7
1802 16
1803 11
1804 16
1805 6
1806 4
1807 15
1808 12
1809 14
1810 14
1811 21
1812 19
1813 16
1814 15
1815 22
1816 19
1817 19
1818 14
1819 20
1820 19
1821 20
1822 23
1823 21
1824 23
1825 21
1826 29
1827 19
1828 27
1829 30
1830 26
1831 28
1832 26
1833 28
1834 31
1835 30
1836 29
1837 38
1838 31
1839 31
1840 49
1841 30
1842 28
1843 35
1844 36
1845 41
1846 37
1847 36
1848 33
1849 44
1850 38
1851 37
1852 34
1853 32
1854 31
1855 55
1856 33
1857 39
1858 36
1859 33
1860 45
1861 44
1862 35
1863 33
1864 37
1865 46
1866 47
1867 47
1868 54
1869 43
1870 55
1871 42
1872 43
1873 47
1874 47
1875 47
1876 44
1877 52
1878 40
1879 53
1880 50
1881 43
1882 42
1883 44
1884 53
1885 45
1886 62
1887 44
1888 63
1889 57
1890 52
1891 51
1892 59
1893 55
1894 54
1895 65
1896 64
1897 48
1898 70
1899 64
1900 65
1901 53
1902 57
1903 64
1904 62
1905 63
1906 73
1907 65
1908 56
1909 66
1910 57
1911 61
1912 75
1913 63
1914 66
1915 71
1916 78
1917 82
1918 72
1919 63
1920 73
1921 73
1922 68
1923 84
1924 64
1925 69
1926 72
1927 67
1928 76
1929 74
1930 73
1931 67
1932 72
1933 83
1934 81
1935 80
1936 89
1937 72
1938 82
1939 74
1940 86
1941 72
1942 84
1943 96
1944 80
1945 84
1946 91
1947 68
1948 92
1949 89
1950 77
1951 75
1952 78
1953 94
1954 89
1955 87
1956 77
1957 93
1958 73
1959 87
1960 85
1961 92
1962 86
1963 95
1964 94
1965 87
1966 77
1967 93
1968 82
1969 79
1970 92
1971 95
1972 87
1973 91
1974 89
1975 88
1976 84
1977 91
1978 102
1979 79
1980 94
1981 78
1982 80
1983 90
1984 97
1985 93
1986 86
1987 88
1988 90
1989 89
1990 92
1991 88
1992 79
1993 91
1994 79
1995 87
1996 85
1997 85
1998 99
1999 93
2000 82
2001 79
2002 107
2003 82
2004 98
2005 76
2006 87
2007 89
2008 96
2009 96
2010 87
2011 90
2012 80
2013 83
2014 86
2015 106
2016 92
2017 92
2018 103
2019 99
2020 99
2021 96
2022 83
2023 91
2024 89
2025 106
2026 92
2027 90
2028 93
2029 95
2030 94
2031 94
2032 73
2033 93
2034 93
2035 106
2036 81
2037 91
2038 78
2039 95
2040 102
2041 85
2042 85
2043 87
2044 96
2045 94
2046 89
2047 109
2048 89
2049 84
2050 94
2051 108
2052 72
2053 96
2054 95
2055 102
2056 88
2057 93
2058 96
2059 101
2060 100
2061 92
2062 83
2063 103
2064 82
2065 85
2066 100
2067 82
2068 84
2069 81
2070 94
2071 92
2072 87
2073 87
2074 97
2075 93
2076 87
2077 99
2078 99
2079 99
2080 76
2081 100
2082 91
2083 94
2084 92
2085 96
2086 98
2087 97
2088 91
2089 83
2090 92
2091 100
2092 93
2093 110
2094 93
2095 81
2096 115
2097 89
2098 100
2099 103
2100 92
2101 95
2102 90
2103 99
2104 92
2105 102
2106 91
2107 102
2108 98
2109 100
2110 89
2111 101
2112 101
2113 90
2114 88
2115 92
2116 95
2117 97
2118 94
2119 100
2120 99
2121 98
2122 96
2123 84
2124 108
2125 91
2126 93
2127 96
2128 98
2129 96
2130 83
2131 126
2132 100
2133 101
2134 101
2135 99
2136 89
2137 97
2138 95
2139 105
2140 81
2141 108
2142 93
2143 94
2144 90
2145 98
2146 99
2147 100
2148 109
2149 102
2150 108
2151 106
2152 92
2153 99
2154 98
2155 98
2156 107
2157 106
2158 105
2159 101
2160 93
2161 89
2162 108
2163 104
2164 104
2165 104
2166 114
2167 105
2168 102
2169 106
2170 100
2171 100
2172 102
2173 98
2174 100
2175 88
2176 80
2177 102
2178 102
2179 90
2180 97
2181 112
2182 117
2183 85
2184 100
2185 101
2186 96
2187 96
2188 109
2189 103
2190 96
2191 99
2192 107
2193 92
2194 100
2195 99
2196 105
2197 111
2198 99
2199 104
2200 96
2201 102
2202 100
2203 106
2204 105
2205 102
2206 95
2207 100
2208 118
2209 109
2210 87
2211 101
2212 104
2213 87
2214 103
2215 93
2216 102
2217 107
2218 103
2219 110
2220 100
2221 89
2222 107
2223 93
2224 111
2225 111
2226 113
2227 102
2228 105
2229 97
2230 102
2231 101
2232 113
2233 111
2234 100
2235 102
2236 113
2237 108
2238 108
2239 110
2240 111
2241 103
2242 94
2243 104
2244 106
2245 92
2246 119
2247 118
2248 106
2249 104
2250 96
2251 119
2252 110
2253 98
2254 110
2255 118
2256 103
2257 102
2258 100
2259 109
2260 116
2261 100
2262 106
2263 105
2264 101
2265 116
2266 114
2267 111
2268 102
2269 100
2270 104
2271 103
2272 114
2273 102
2274 110
2275 113
2276 105
2277 112
2278 106
2279 111
2280 110
2281 98
2282 126
2283 105
2284 110
2285 114
2286 115
2287 121
2288 98
2289 120
2290 108
2291 105
2292 108
2293 108
2294 109
2295 102
2296 116
2297 96
2298 91
2299 108
2300 98
2301 101
2302 101
2303 102
2304 90
2305 87
2306 94
2307 104
2308 103
2309 108
2310 118
2311 102
2312 117
2313 104
2314 103
2315 111
2316 105
2317 97
2318 117
2319 99
2320 104
2321 106
2322 113
2323 97
2324 115
2325 94
2326 101
2327 86
2328 100
2329 111
2330 108
2331 108
2332 87
2333 85
2334 104
2335 108
2336 100
2337 94
2338 100
2339 82
2340 98
2341 99
2342 80
2343 104
2344 111
2345 92
2346 99
2347 100
2348 87
2349 99
2350 101
2351 98
2352 96
2353 96
2354 84
2355 88
2356 93
2357 87
2358 91
2359 95
2360 91
2361 95
2362 106
2363 92
2364 112
2365 100
2366 81
2367 86
2368 97
2369 88
2370 90
2371 103
2372 89
2373 90
2374 96
2375 92
2376 89
2377 94
2378 80
2379 92
2380 96
2381 88
2382 77
2383 90
2384 87
2385 91
2386 84
2387 99
2388 88
2389 92
2390 80
2391 87
2392 94
2393 82
2394 90
2395 81
2396 85
2397 88
2398 84
2399 71
2400 78
2401 91
2402 84
2403 85
2404 84
2405 71
2406 85
2407 68
2408 81
2409 74
2410 64
2411 78
2412 87
2413 77
2414 89
2415 78
2416 61
2417 90
2418 70
2419 74
2420 73
2421 79
2422 68
2423 73
2424 72
2425 67
2426 73
2427 83
2428 68
2429 74
2430 76
2431 75
2432 78
2433 67
2434 76
2435 64
2436 65
2437 70
2438 60
2439 66
2440 58
2441 65
2442 62
2443 73
2444 74
2445 59
2446 66
2447 57
2448 53
2449 70
2450 63
2451 57
2452 75
2453 64
2454 52
2455 57
2456 59
2457 51
2458 55
2459 58
2460 53
2461 68
2462 65
2463 53
2464 51
2465 58
2466 63
2467 64
2468 63
2469 46
2470 58
2471 53
2472 71
2473 47
2474 58
2475 50
2476 59
2477 54
2478 49
2479 49
2480 74
2481 54
2482 57
2483 58
2484 53
2485 62
2486 53
2487 71
2488 58
2489 44
2490 45
2491 54
2492 50
2493 57
2494 60
2495 43
2496 61
2497 38
2498 48
2499 57
2500 46
2501 53
2502 40
2503 45
2504 47
2505 53
2506 53
2507 53
2508 49
2509 52
2510 49
2511 44
2512 50
2513 37
2514 50
2515 50
2516 40
2517 39
2518 41
2519 31
2520 49
2521 39
2522 43
2523 43
2524 56
2525 46
2526 41
2527 39
2528 41
2529 39
2530 34
2531 45
2532 40
2533 36
2534 49
2535 51
2536 42
2537 27
2538 32
2539 44
2540 30
2541 40
2542 42
2543 33
2544 39
2545 37
2546 33
2547 28
2548 39
2549 29
2550 41
2551 28
2552 32
2553 30
2554 42
2555 35
2556 42
2557 39
2558 35
2559 29
2560 29
2561 31
2562 31
2563 30
2564 39
2565 21
2566 24
2567 32
2568 29
2569 19
2570 21
2571 27
2572 30
2573 25
2574 21
2575 22
2576 24
2577 19
2578 23
2579 14
2580 15
2581 19
2582 19
2583 27
2584 24
2585 20
2586 16
2587 12
2588 14
2589 17
2590 19
2591 13
2592 14
2593 15
2594 11
2595 10
2596 11
2597 8
2598 10
2599 17
2600 8
2601 10
2602 9
2603 8
2604 6
2605 9
2606 8
2607 5
2608 6
2609 8
2610 4
2611 3
2612 7
2613 3
2614 3
2615 6
2616 5
2617 3
2618 5
2619 4
2620 1
2621 3
2622 2
2623 1
2624 4
2625 3
2626 0
2627 1
2628 2
2629 3
2630 2
2631 2
2632 3
2633 1
2634 2
2635 2
2636 0
2637 1
2638 1
2639 1
2640 0
2641 0
2642 1
2643 1
2644 1
2645 2
2646 0
2647 1
2648 2
2649 0
2650 0
2651 0
2652 0
2653 1
2654 2
2655 0
2656 1
2657 2
2658 0
2659 1
2660 0
2661 0
2662 0
2663 1
2664 0
2665 0
2666 1
2667 0
2668 0
2669 2
2670 0
2671 0
2672 0
2673 0
2674 0
2675 0
2676 0
2677 0
2678 0
2679 0
2680 1
2681 0
2682 0
2683 1
2684 0
2685 0
2686 0
2687 0
2688 0
2689 0
2690 0
2691 1
2692 0
2693 0
2694 0
2695 0
2696 1
2697 0
2698 0
2699 0
2700 0
2701 1
2702 0
2703 0
2704 0
2705 0
2706 0
2707 0
2708 0
2709 0
2710 0
2711 0
2712 0
2713 0
2714 0
2715 0
2716 0
2717 0
2718 0
2719 0
2720 0
2721 1
2722 0
2723 0
2724 0
2725 0
2726 0
2727 0
2728 0
2729 0
2730 0
2731 0
2732 0
2733 0
2734 0
2735 0
2736 0
2737 0
2738 0
2739 0
2740 0
2741 0
2742 0
2743 0
2744 0
2745 0
2746 0
2747 0
2748 0
2749 0
2750 0
2751 0
2752 0
2753 0
2754 0
2755 0
2756 0
2757 0
2758 0
2759 0
2760 0
2761 0
2762 0
2763 0
2764 0
2765 0
2766 0
2767 0
2768 0
2769 0
2770 0
2771 0
2772 0
2773 0
2774 0
2775 0
2776 0
2777 1
2778 0
2779 0
2780 0
2781 1
2782 0
2783 0
2784 0
2785 0
2786 0
2787 0
2788 0
2789 0
2790 1
2791 0
2792 0
2793 0
2794 0
2795 0
2796 0
2797 0
2798 0
2799 0
2800 0
2801 1
2802 0
2803 0
2804 0
2805 0
2806 0
2807 0
2808 0
2809 0
2810 0
2811 0
2812 0
2813 0
2814 0
2815 0
2816 0
2817 0
2818 0
2819 0
2820 0
2821 0
2822 0
2823 0
2824 0
2825 0
2826 0
2827 0
2828 0
2829 0
2830 1
2831 0
2832 0
2833 0
2834 0
2835 0
2836 0
2837 0
2838 0
2839 0
2840 0
2841 0
2842 1
2843 0
2844 0
2845 0
2846 0
2847 0
2848 0
2849 0
2850 0
2851 0
2852 0
2853 0
2854 0
2855 0
2856 0
2857 0
2858 0
2859 0
2860 0
2861 0
2862 0
2863 0
2864 0
2865 0
2866 0
2867 0
2868 1
2869 0
2870 0
2871 0
2872 0
2873 0
2874 0
2875 0
2876 0
2877 0
2878 0
2879 0
2880 0
2881 0
2882 1
2883 0
2884 0
2885 0
2886 0
2887 0
2888 0
2889 0
2890 0
2891 0
2892 0
2893 0
2894 0
2895 0
2896 0
2897 0
2898 0
2899 0
2900 0
2901 1
2902 1
2903 0
2904 0
2905 0
2906 0
2907 0
2908 1
2909 0
2910 0
2911 0
2912 0
2913 0
2914 0
2915 0
2916 0
2917 1
2918 0
2919 0
2920 0
2921 0
2922 0
2923 0
2924 0
2925 0
2926 0
2927 0
2928 1
2929 0
2930 0
2931 0
2932 0
2933 0
2934 0
2935 0
2936 0
2937 0
2938 1
2939 0
2940 0
2941 1
2942 0
2943 0
2944 0
2945 0
2946 0
2947 0
2948 0
2949 0
2950 0
2951 0
2952 0
2953 0
2954 0
2955 0
2956 0
2957 1
2958 0
2959 0
2960 0
2961 0
2962 0
2963 0
2964 0
2965 0
2966 0
2967 0
2968 0
2969 0
2970 0
2971 0
2972 1
2973 0
2974 0
2975 0
2976 0
2977 1
2978 1
2979 0
2980 0
2981 0
2982 0
2983 0
2984 1
2985 0
2986 0
2987 0
2988 0
2989 0
2990 0
2991 0
2992 1
2993 1
2994 0
2995 0
2996 1
2997 0
2998 1
2999 0
3000 0
3001 1
3002 0
3003 0
3004 1
3005 0
3006 0
3007 1
3008 0
3009 1
3010 3
3011 2
3012 0
3013 2
3014 0
3015 2
3016 5
3017 1
3018 2
3019 5
3020 5
3021 3
3022 4
3023 3
3024 5
3025 2
3026 5
3027 9
3028 3
3029 6
3030 6
3031 11
3032 5
3033 10
3034 6
3035 8
3036 8
3037 16
3038 11
3039 16
3040 6
3041 5
3042 15
3043 12
3044 16
3045 14
3046 21
3047 20
3048 16
3049 16
3050 25
3051 21
3052 19
3053 17
3054 20
3055 21
3056 22
3057 22
3058 21
3059 26
3060 26
3061 30
3062 21
3063 30
3064 31
3065 26
3066 29
3067 34
3068 31
3069 34
3070 37
3071 39
3072 39
3073 42
3074 35
3075 55
3076 38
3077 41
3078 38
3079 47
3080 48
3081 41
3082 47
3083 40
3084 54
3085 46
3086 51
3087 47
3088 45
3089 50
3090 61
3091 50
3092 52
3093 50
3094 43
3095 49
3096 63
3097 62
3098 55
3099 49
3100 62
3101 54
3102 57
3103 59
3104 66
3105 72
3106 67
3107 63
3108 69
3109 69
3110 57
3111 64
3112 75
3113 65
3114 60
3115 78
3116 61
3117 66
3118 69
3119 81
3120 68
3121 82
3122 73
3123 78
3124 75
3125 71
3126 74
3127 78
3128 70
3129 83
3130 78
3131 85
3132 87
3133 96
3134 73
3135 82
3136 77
3137 80
3138 89
3139 83
3140 91
3141 88
3142 86
3143 79
3144 84
3145 75
3146 80
3147 86
3148 86
3149 87
3150 98
3151 93
3152 96
3153 86
3154 90
3155 88
3156 88
3157 83
3158 97
3159 82
3160 72
3161 94
3162 92
3163 86
3164 98
3165 93
3166 104
3167 82
3168 93
3169 103
3170 91
3171 100
3172 101
3173 92
3174 96
3175 99
3176 101
3177 92
3178 95
3179 93
3180 98
3181 109
3182 92
3183 105
3184 92
3185 99
3186 98
3187 102
3188 99
3189 100
3190 94
3191 104
3192 121
3193 110
3194 85
3195 99
3196 101
3197 89
3198 101
3199 92
3200 103
3201 106
3202 101
3203 106
3204 99
3205 87
3206 105
3207 93
3208 111
3209 112
3210 113
3211 105
3212 103
3213 96
3214 104
3215 102
3216 111
3217 112
3218 101
3219 101
3220 112
3221 109
3222 108
3223 111
3224 110
3225 104
3226 93
3227 104
3228 106
3229 91
3230 117
3231 119
3232 106
3233 104
3234 97
3235 120
3236 108
3237 98
3238 111
3239 116
3240 103
3241 101
3242 101
3243 109
3244 116
3245 99
3246 106
3247 104
3248 100
3249 116
3250 114
3251 111
3252 104
3253 100
3254 104
3255 103
3256 114
3257 102
3258 110
3259 113
3260 105
3261 112
3262 107
3263 111
3264 110
3265 99
3266 126
3267 105
3268 109
3269 114
3270 115
3271 121
3272 98
3273 119
3274 108
3275 105
3276 108
3277 108
3278 108
3279 102
3280 116
3281 97
3282 91
3283 110
3284 98
3285 101
3286 101
3287 102
3288 90
3289 87
3290 94
3291 104
3292 102
3293 108
3294 118
3295 102
3296 117
3297 104
3298 103
3299 110
3300 105
3301 97
3302 117
3303 99
3304 104
3305 106
3306 113
3307 97
3308 115
3309 94
3310 101
3311 86
3312 101
3313 111
3314 108
3315 108
3316 87
3317 85
3318 104
3319 108
3320 100
3321 93
3322 100
3323 83
3324 98
3325 99
3326 80
3327 104
3328 112
3329 92
3330 99
3331 100
3332 87
3333 99
3334 101
3335 98
3336 96
3337 96
3338 84
3339 88
3340 93
3341 86
3342 91
3343 94
3344 91
3345 95
3346 106
3347 92
3348 112
3349 100
3350 81
3351 86
3352 98
3353 88
3354 90
3355 103
3356 89
3357 90
3358 96
3359 91
3360 89
3361 94
3362 80
3363 92
3364 96
3365 88
3366 77
3367 90
3368 87
3369 91
3370 84
3371 99
3372 89
3373 92
3374 80
3375 87
3376 94
3377 82
3378 90
3379 81
3380 85
3381 87
3382 84
3383 72
3384 78
3385 91
3386 84
3387 85
3388 84
3389 71
3390 85
3391 68
3392 81
3393 74
3394 64
3395 78
3396 87
3397 77
3398 89
3399 78
3400 61
3401 90
3402 70
3403 74
3404 73
3405 79
3406 68
3407 73
3408 72
3409 67
3410 73
3411 83
3412 67
3413 74
3414 76
3415 75
3416 78
3417 67
3418 76
3419 64
3420 65
3421 70
3422 60
3423 66
3424 58
3425 65
3426 62
3427 73
3428 74
3429 59
3430 66
3431 57
3432 53
3433 70
3434 63
3435 57
3436 75
3437 64
3438 52
3439 57
3440 59
3441 51
3442 55
3443 58
3444 53
3445 68
3446 65
3447 53
3448 51
3449 58
3450 63
3451 64
3452 63
3453 46
3454 58
3455 53
3456 71
3457 47
3458 58
3459 50
3460 59
3461 54
3462 49
3463 49
3464 74
3465 54
3466 57
3467 58
3468 53
3469 62
3470 53
3471 71
3472 58
3473 44
3474 45
3475 54
3476 50
3477 57
3478 60
3479 43
3480 61
3481 38
3482 48
3483 56
3484 46
3485 53
3486 40
3487 45
3488 47
3489 53
3490 53
3491 53
3492 49
3493 52
3494 50
3495 44
3496 50
3497 37
3498 50
3499 50
3500 40
3501 39
3502 41
3503 31
3504 49
3505 39
3506 43
3507 43
3508 56
3509 46
3510 41
3511 39
3512 40
3513 39
3514 33
3515 45
3516 40
3517 36
3518 49
3519 51
3520 42
3521 27
3522 32
3523 44
3524 30
3525 40
3526 42
3527 33
3528 39
3529 37
3530 33
3531 28
3532 39
3533 29
3534 41
3535 28
3536 32
3537 30
3538 42
3539 35
3540 42
3541 39
3542 35
3543 29
3544 29
3545 31
3546 31
3547 30
3548 39
3549 21
3550 24
3551 32
3552 29
3553 19
3554 22
3555 27
3556 30
3557 25
3558 21
3559 22
3560 24
3561 19
3562 23
3563 14
3564 15
3565 19
3566 19
3567 27
3568 24
3569 20
3570 16
3571 12
3572 14
3573 17
3574 18
3575 13
3576 14
3577 15
3578 11
3579 10
3580 11
3581 8
3582 10
3583 17
3584 8
3585 10
3586 9
3587 8
3588 6
3589 9
3590 8
3591 5
3592 6
3593 8
3594 4
3595 3
3596 7
3597 3
3598 3
3599 6
3600 5
3601 3
3602 5
3603 3
3604 1
3605 3
3606 2
3607 1
3608 4
3609 3
3610 0
3611 1
3612 2
3613 3
3614 2
3615 2
3616 3
3617 1
3618 2
3619 2
3620 0
3621 1
3622 1
3623 1
3624 0
3625 0
3626 1
3627 1
3628 1
3629 2
3630 0
3631 1
3632 2
3633 0
3634 0
3635 0
3636 0
3637 1
3638 2
3639 0
3640 1
3641 2
3642 0
3643 1
3644 0
3645 0
3646 0
3647 1
3648 0
3649 0
3650 1
3651 0
3652 0
3653 2
3654 0
3655 0
3656 0
3657 0
3658 0
3659 0
3660 0
3661 0
3662 0
3663 0
3664 1
3665 0
3666 0
3667 1
3668 0
3669 0
3670 0
3671 0
3672 0
3673 0
3674 0
3675 1
3676 0
3677 0
3678 0
3679 0
3680 1
3681 0
3682 0
3683 0
3684 0
3685 1
3686 0
3687 0
3688 0
3689 0
3690 0
3691 0
3692 0
3693 0
3694 0
3695 0
3696 0
3697 0
3698 0
3699 0
3700 0
3701 0
3702 0
3703 0
3704 0
3705 0
3706 0
3707 0
3708 0
3709 0
3710 0
3711 0
3712 0
3713 0
3714 0
3715 0
3716 0
3717 0
3718 0
3719 0
3720 0
3721 0
3722 0
3723 0
3724 0
3725 0
3726 0
3727 0
3728 0
3729 0
3730 0
3731 0
3732 0
3733 0
3734 0
3735 0
3736 0
3737 0
3738 0
3739 0
3740 0
3741 0
3742 0
3743 0
3744 0
3745 1
3746 0
3747 0
3748 0
3749 0
3750 0
3751 0
3752 0
3753 0
3754 0
3755 0
3756 0
3757 0
3758 0
3759 0
3760 0
3761 1
3762 0
3763 0
3764 0
3765 0
3766 0
3767 0
3768 0
3769 0
3770 0
3771 0
3772 0
3773 0
3774 1
3775 0
3776 0
3777 0
3778 0
3779 0
3780 0
3781 0
3782 0
3783 0
3784 0
3785 1
3786 0
3787 0
3788 0
3789 0
3790 0
3791 0
3792 0
3793 0
3794 0
3795 0
3796 0
3797 0
3798 0
3799 0
3800 0
3801 0
3802 0
3803 0
3804 0
3805 0
3806 0
3807 0
3808 0
3809 0
3810 0
3811 0
3812 0
3813 0
3814 1
3815 0
3816 0
3817 0
3818 0
3819 0
3820 0
3821 0
3822 0
3823 0
3824 0
3825 0
3826 0
3827 0
3828 0
3829 0
3830 0
3831 0
3832 0
3833 0
3834 0
3835 0
3836 0
3837 0
3838 0
3839 0
3840 0
3841 0
3842 0
3843 0
3844 0
3845 0
3846 0
3847 0
3848 0
3849 0
3850 0
3851 0
3852 0
3853 0
3854 0
3855 0
3856 0
3857 0
3858 0
3859 0
3860 0
3861 0
3862 0
3863 0
3864 0
3865 0
3866 0
3867 0
3868 0
3869 0
3870 0
3871 0
3872 0
3873 0
3874 0
3875 0
3876 0
3877 0
3878 0
3879 0
3880 0
3881 0
3882 0
3883 0
3884 0
3885 0
3886 0
3887 0
3888 0
3889 0
3890 0
3891 0
3892 0
3893 0
3894 0
3895 0
3896 0
3897 0
3898 0
3899 0
3900 0
3901 0
3902 0
3903 0
3904 0
3905 0
3906 0
3907 0
3908 0
3909 0
3910 0
3911 0
3912 0
3913 0
3914 0
3915 0
3916 0
3917 0
3918 0
3919 0
3920 0
3921 0
3922 0
3923 0
3924 0
3925 0
3926 0
3927 0
3928 0
3929 0
3930 0
3931 0
3932 0
3933 0
3934 0
3935 0
3936 0
3937 0
3938 0
3939 0
3940 0
3941 0
3942 0
3943 0
3944 0
3945 1
3946 0
3947 0
3948 0
3949 0
3950 0
3951 0
3952 0
3953 0
3954 0
3955 0
3956 0
3957 0
3958 0
3959 0
3960 0
3961 0
3962 0
3963 0
3964 0
3965 0
3966 0
3967 0
3968 0
3969 0
3970 0
3971 0
3972 0
3973 0
3974 0
3975 0
3976 1
3977 0
3978 0
3979 0
3980 0
3981 0
3982 0
3983 0
3984 0
3985 0
3986 0
3987 0
3988 0
3989 0
3990 0
3991 0
3992 0
3993 0
3994 0
3995 0
3996 0
3997 0
3998 0
3999 0
4000 0
4001 0
4002 0
4003 0
4004 0
4005 1
4006 0
4007 0
4008 0
4009 0
4010 0
4011 0
4012 0
4013 0
4014 0
4015 0
4016 0
4017 0
4018 0
4019 0
4020 0
4021 0
4022 0
4023 0
4024 0
4025 0
4026 0
4027 0
4028 0
4029 0
4030 0
4031 0
4032 0
4033 0
4034 0
4035 0
4036 1
4037 0
4038 0
4039 0
4040 0
4041 0
4042 0
4043 0
4044 0
4045 0
4046 0
4047 0
4048 0
4049 0
4050 0
4051 0
4052 0
4053 0
4054 0
4055 0
4056 0
4057 0
4058 0
4059 0
4060 0
4061 0
4062 0
4063 0
4064 0
4065 0
4066 0
4067 0
4068 0
4069 0
4070 0
4071 0
4072 0
4073 0
4074 0
4075 0
4076 0
4077 0
4078 0
4079 0
4080 0
4081 0
4082 0
4083 0
4084 0
4085 0
4086 0
4087 0
4088 0
4089 0
4090 0
4091 0
4092 0
4093 0
4094 0
4095 0
4096 0
4097 0
4098 0
4099 0
4100 0
4101 0
4102 0
4103 0
4104 0
4105 0
4106 0
4107 0
4108 0
4109 0
4110 0
4111 0
4112 0
4113 0
4114 0
4115 0
4116 0
4117 0
4118 0
4119 0
4120 0
4121 0
4122 0
4123 0
4124 0
4125 0
4126 0
4127 0
4128 0
4129 0
4130 0
4131 0
4132 0
4133 0
4134 0
4135 0
4136 0
4137 0
4138 0
4139 0
4140 0
4141 0
4142 0
4143 0
4144 0
4145 0
4146 0
4147 0
4148 0
4149 0
4150 0
4151 0
4152 0
4153 0
4154 0
4155 0
4156 0
4157 0
4158 0
4159 0
4160 0
4161 0
4162 0
4163 0
4164 0
4165 0
4166 0
4167 0
4168 0
4169 0
4170 0
4171 0
4172 0
4173 0
4174 0
4175 0
4176 0
4177 0
4178 0
4179 0
4180 0
4181 0
4182 0
4183 0
4184 0
4185 0
4186 0
4187 0
4188 0
4189 0
4190 0
4191 0
4192 0
4193 0
4194 0
4195 0
4196 0
4197 0
4198 0
4199 0
4200 0
4201 0
4202 0
4203 0
4204 0
4205 0
4206 0
4207 0
4208 0
4209 0
4210 0
4211 0
4212 0
4213 0
4214 0
4215 0
4216 0
4217 0
4218 0
4219 0
4220 0
4221 0
4222 0
4223 0
4224 0
4225 0
4226 0
4227 0
4228 0
4229 0
4230 0
4231 0
4232 0
4233 0
4234 0
4235 0
4236 0
4237 0
4238 0
4239 0
4240 0
4241 0
4242 0
4243 0
4244 0
4245 0
4246 0
4247 0
4248 0
4249 0
4250 0
4251 0
4252 0
4253 0
4254 0
4255 0
4256 0
4257 0
4258 0
4259 0
4260 0
4261 0
4262 0
4263 0
4264 0
4265 0
4266 0
4267 0
4268 0
4269 0
4270 0
4271 0
4272 0
4273 0
4274 0
4275 0
4276 0
4277 0
4278 0
4279 0
4280 0
4281 0
4282 0
4283 0
4284 0
4285 0
4286 0
4287 0
4288 0
4289 0
4290 0
4291 0
4292 0
4293 0
4294 0
4295 0
4296 0
4297 0
4298 0
4299 0
4300 0
4301 0
4302 0
4303 0
4304 0
4305 0
4306 0
4307 0
4308 0
4309 0
4310 0
4311 0
4312 0
4313 0
4314 0
4315 0
4316 0
4317 0
4318 0
4319 0
4320 0
4321 0
4322 0
4323 0
4324 0
4325 0
4326 0
4327 0
4328 0
4329 0
4330 0
4331 0
4332 0
4333 0
4334 0
4335 0
4336 0
4337 0
4338 0
4339 0
4340 0
4341 0
4342 0
4343 0
4344 0
4345 0
4346 0
4347 0
4348 0
4349 0
4350 0
4351 0
4352 0
4353 0
4354 0
4355 0
4356 0
4357 0
4358 0
4359 0
4360 0
4361 0
4362 0
4363 0
4364 0
4365 0
4366 0
4367 0
4368 0
4369 0
4370 0
4371 0
4372 0
4373 0
4374 0
4375 0
4376 0
4377 0
4378 0
4379 0
4380 0
4381 0
4382 0
4383 0
4384 0
4385 0
4386 0
4387 0
4388 0
4389 0
4390 0
4391 0
4392 0
4393 0
4394 0
4395 0
4396 0
4397 0
4398 0
4399 0
4400 0
4401 0
4402 0
4403 0
4404 0
4405 0
4406 0
4407 0
4408 0
4409 0
4410 0
4411 0
4412 0
4413 0
4414 0
4415 0
4416 0
4417 0
4418 0
4419 0
4420 0
4421 0
4422 0
4423 0
4424 0
4425 0
4426 0
4427 0
4428 0
4429 0
4430 0
4431 0
4432 0
4433 0
4434 0
4435 0
4436 0
4437 0
4438 1
4439 0
4440 0
4441 0
4442 0
4443 0
4444 0
4445 0
4446 0
4447 0
4448 0
4449 0
4450 0
4451 0
4452 0
4453 0
4454 0
4455 0
4456 0
4457 0
4458 0
4459 0
4460 0
4461 0
4462 0
4463 0
4464 0
4465 0
4466 0
4467 0
4468 0
4469 0
4470 0
4471 0
4472 0
4473 0
4474 0
4475 0
4476 0
4477 0
4478 0
4479 0
4480 0
4481 0
4482 0
4483 0
4484 0
4485 0
4486 0
4487 0
4488 0
4489 0
4490 0
4491 0
4492 0
4493 0
4494 0
4495 0
4496 0
4497 0
4498 0
4499 0
4500 0
4501 0
4502 0
4503 0
4504 0
4505 0
4506 0
4507 0
4508 0
4509 0
4510 0
4511 0
4512 0
4513 0
4514 0
4515 0
4516 0
4517 0
4518 0
4519 0
4520 0
4521 0
4522 0
4523 0
4524 0
4525 0
4526 0
4527 0
4528 0
4529 0
4530 0
4531 0
4532 0
4533 0
4534 0
4535 0
4536 0
4537 0
4538 0
4539 0
4540 0
4541 0
4542 0
4543 0
4544 0
4545 0
4546 0
4547 0
4548 0
4549 0
4550 0
4551 0
4552 0
4553 0
4554 0
4555 0
4556 0
4557 0
4558 0
4559 0
4560 0
4561 0
4562 0
4563 0
4564 0
4565 0
4566 0
4567 0
4568 0
4569 0
4570 0
4571 0
4572 0
4573 0
4574 0
4575 0
4576 0
4577 0
4578 0
4579 0
4580 0
4581 0
4582 0
4583 0
4584 0
4585 0
4586 0
4587 0
4588 0
4589 0
4590 0
4591 0
4592 0
4593 0
4594 0
4595 0
4596 0
4597 0
4598 0
4599 0
4600 0
4601 0
4602 0
4603 0
4604 0
4605 0
4606 0
4607 0
4608 0
4609 0
4610 0
4611 0
4612 0
4613 0
4614 0
4615 0
4616 0
4617 0
4618 0
4619 0
4620 0
4621 0
4622 0
4623 0
4624 0
4625 0
4626 0
4627 0
4628 0
4629 0
4630 0
4631 0
4632 0
4633 0
4634 0
4635 0
4636 0
4637 0
4638 0
4639 0
4640 0
4641 0
4642 0
4643 0
4644 0
4645 0
4646 0
4647 0
4648 0
4649 0
4650 0
4651 0
4652 0
4653 0
4654 0
4655 0
4656 0
4657 0
4658 0
4659 0
4660 0
4661 0
4662 0
4663 0
4664 0
4665 0
4666 0
4667 0
4668 0
4669 0
4670 0
4671 0
4672 0
4673 0
4674 0
4675 0
4676 0
4677 0
4678 0
4679 0
4680 0
4681 0
4682 0
4683 0
4684 0
4685 0
4686 0
4687 0
4688 0
4689 0
4690 0
4691 0
4692 0
4693 0
4694 0
4695 0
4696 0
4697 0
4698 0
4699 0
4700 0
4701 0
4702 0
4703 0
4704 0
4705 0
4706 0
4707 0
4708 0
4709 0
4710 0
4711 0
4712 0
4713 0
4714 0
4715 0
4716 0
4717 0
4718 0
4719 0
4720 0
4721 0
4722 0
4723 0
4724 0
4725 0
4726 0
4727 0
4728 0
4729 0
4730 0
4731 0
4732 0
4733 0
4734 0
4735 0
4736 0
4737 0
4738 0
4739 0
4740 0
4741 0
4742 0
4743 0
4744 0
4745 0
4746 0
4747 0
4748 0
4749 0
4750 0
4751 0
4752 0
4753 0
4754 0
4755 0
4756 0
4757 0
4758 0
4759 0
4760 0
4761 0
4762 0
4763 0
4764 0
4765 0
4766 0
4767 0
4768 0
4769 0
4770 0
4771 0
4772 0
4773 0
4774 0
4775 0
4776 0
4777 0
4778 0
4779 0
4780 0
4781 0
4782 0
4783 0
4784 0
4785 0
4786 0
4787 0
4788 0
4789 0
4790 0
4791 0
4792 0
4793 0
4794 0
4795 0
4796 0
4797 0
4798 0
4799 0
4800 0
4801 0
4802 0
4803 0
4804 0
4805 0
4806 0
4807 0
4808 0
4809 0
4810 0
4811 0
4812 0
4813 0
4814 0
4815 0
4816 0
4817 0
4818 0
4819 0
4820 0
4821 0
4822 0
4823 0
4824 0
4825 0
4826 0
4827 0
4828 0
4829 0
4830 0
4831 0
4832 0
4833 0
4834 0
4835 0
4836 0
4837 0
4838 0
4839 0
4840 0
4841 0
4842 0
4843 0
4844 0
4845 0
4846 0
4847 0
4848 0
4849 0
4850 0
4851 0
4852 0
4853 0
4854 0
4855 0
4856 0
4857 0
4858 0
4859 0
4860 0
4861 0
4862 0
4863 0
4864 0
4865 0
4866 0
4867 0
4868 0
4869 0
4870 0
4871 0
4872 0
4873 0
4874 0
4875 0
4876 0
4877 0
4878 0
4879 0
4880 0
4881 0
4882 0
4883 0
4884 0
4885 0
4886 0
4887 0
4888 0
4889 0
4890 0
4891 0
4892 0
4893 0
4894 0
4895 0
4896 0
4897 0
4898 0
4899 0
4900 0
4901 0
4902 0
4903 0
4904 0
4905 0
4906 0
4907 0
4908 0
4909 0
4910 0
4911 0
4912 0
4913 0
4914 0
4915 0
4916 0
4917 0
4918 0
4919 0
4920 0
4921 0
4922 0
4923 0
4924 0
4925 0
4926 0
4927 0
4928 0
4929 0
4930 0
4931 0
4932 0
4933 0
4934 0
4935 0
4936 0
4937 0
4938 0
4939 0
4940 0
4941 0
4942 0
4943 0
4944 0
4945 0
4946 0
4947 0
4948 0
4949 0
4950 0
4951 0
4952 0
4953 0
4954 0
4955 0
4956 0
4957 0
4958 0
4959 0
4960 0
4961 0
4962 0
4963 0
4964 0
4965 0
4966 0
4967 0
4968 0
4969 0
4970 0
4971 0
4972 0
4973 0
4974 0
4975 0
4976 0
4977 0
4978 0
4979 0
4980 0
4981 0
4982 0
4983 0
4984 0
4985 0
4986 0
4987 0
4988 0
4989 0
4990 0
4991 0
4992 0
4993 0
4994 0
4995 0
4996 0
4997 0
4998 0
4999 0
5000 0
5001 0
5002 0
5003 0
5004 0
5005 0
5006 0
5007 0
5008 0
5009 0
5010 0
5011 0
5012 0
5013 0
5014 0
5015 0
5016 0
5017 0
5018 0
5019 0
5020 0
5021 0
5022 0
5023 0
5024 0
5025 0
5026 0
5027 0
5028 0
5029 0
5030 0
5031 0
5032 0
5033 0
5034 0
5035 0
5036 0
5037 0
5038 0
5039 0
5040 0
5041 0
5042 0
5043 0
5044 0
5045 0
5046 0
5047 0
5048 0
5049 0
5050 0
5051 0
5052 0
5053 0
5054 0
5055 0
5056 0
5057 0
5058 0
5059 0
5060 0
5061 0
5062 0
5063 0
5064 0
5065 0
5066 0
5067 0
5068 0
5069 0
5070 0
5071 0
5072 0
5073 0
5074 0
5075 0
5076 0
5077 0
5078 0
5079 0
5080 0
5081 0
5082 0
5083 0
5084 0
5085 0
5086 0
5087 0
5088 0
5089 0
5090 0
5091 0
5092 0
5093 0
5094 0
5095 0
5096 0
5097 0
5098 0
5099 0
5100 0
5101 0
5102 0
5103 0
5104 0
5105 0
5106 0
5107 0
5108 0
5109 0
5110 0
5111 0
5112 0
5113 0
5114 0
5115 0
5116 0
5117 0
5118 0
5119 0
5120 0
5121 0
5122 0
5123 0
5124 0
5125 0
5126 0
5127 0
5128 0
5129 0
5130 0
5131 0
5132 0
5133 0
5134 0
5135 0
5136 0
5137 0
5138 0
5139 0
5140 0
5141 0
5142 0
5143 0
5144 0
5145 0
5146 0
5147 0
5148 0
5149 0
5150 0
5151 0
5152 0
5153 0
5154 0
5155 0
5156 0
5157 0
5158 0
5159 0
5160 0
5161 0
5162 0
5163 0
5164 0
5165 0
5166 0
5167 0
5168 0
5169 0
5170 0
5171 0
5172 0
5173 0
5174 0
5175 0
5176 0
5177 0
5178 0
5179 0
5180 0
5181 0
5182 0
5183 0
5184 0
5185 0
5186 0
5187 0
5188 0
5189 0
5190 0
5191 0
5192 0
5193 0
5194 0
5195 0
5196 0
5197 0
5198 0
5199 0
5200 0
5201 0
5202 0
5203 0
5204 0
5205 0
5206 0
5207 0
5208 0
5209 0
5210 0
5211 0
5212 0
5213 0
5214 0
5215 0
5216 0
5217 0
5218 0
5219 0
5220 0
5221 0
5222 0
5223 0
5224 0
5225 0
5226 0
5227 0
5228 0
5229 0
5230 0
5231 0
5232 0
5233 0
5234 0
5235 0
5236 0
5237 0
5238 0
5239 0
5240 0
5241 0
5242 0
5243 0
5244 0
5245 0
5246 0
5247 0
5248 0
5249 0
5250 0
5251 0
5252 0
5253 0
5254 0
5255 0
5256 0
5257 0
5258 0
5259 0
5260 0
5261 0
5262 0
5263 0
5264 0
5265 0
5266 0
5267 0
5268 0
5269 0
5270 0
5271 0
5272 0
5273 0
5274 0
5275 0
5276 0
5277 0
5278 0
5279 0
5280 0
5281 0
5282 0
5283 0
5284 0
5285 0
5286 0
5287 0
5288 0
5289 0
5290 0
5291 0
5292 0
5293 0
5294 0
5295 0
5296 0
5297 0
5298 0
5299 0
5300 0
5301 0
5302 0
5303 0
5304 0
5305 0
5306 0
5307 0
5308 0
5309 0
5310 0
5311 0
5312 0
5313 0
5314 0
5315 0
5316 0
5317 0
5318 0
5319 0
5320 0
5321 0
5322 0
5323 0
5324 0
5325 0
5326 0
5327 0
5328 0
5329 0
5330 0
5331 0
5332 0
5333 0
5334 0
5335 0
5336 0
5337 0
5338 0
5339 0
5340 0
5341 0
5342 0
5343 0
5344 0
5345 0
5346 0
5347 0
5348 0
5349 0
5350 0
5351 0
5352 0
5353 0
5354 0
5355 0
5356 0
5357 0
5358 0
5359 0
5360 0
5361 0
5362 0
5363 0
5364 0
5365 0
5366 0
5367 0
5368 0
5369 0
5370 0
5371 0
5372 0
5373 0
5374 0
5375 0
5376 0
5377 0
5378 0
5379 0
5380 0
5381 0
5382 0
5383 0
5384 0
5385 0
5386 0
5387 0
5388 0
5389 0
5390 0
5391 0
5392 0
5393 0
5394 0
5395 0
5396 0
5397 0
5398 0
5399 0
5400 0
5401 0
5402 0
5403 0
5404 0
5405 0
5406 0
5407 0
5408 0
5409 0
5410 0
5411 0
5412 0
5413 0
5414 0
5415 0
5416 0
5417 0
5418 0
5419 0
5420 0
5421 0
